% time	cellId	Interference
0.0229286	1	1.65933e-17 1.65933e-17 1.65933e-17 1.65933e-17 1.65933e-17 1.65933e-17 1.65933e-17 1.65933e-17 1.65933e-17 1.65933e-17 1.65933e-17 1.65933e-17 1.65933e-17 1.65933e-17 1.65933e-17 1.65933e-17 1.65933e-17 1.65933e-17 1.65933e-17 1.65933e-17 1.65933e-17 1.65933e-17 1.65933e-17 1.65933e-17 1.65933e-17 
0.0229286	2	2.65417e-17 2.65417e-17 2.65417e-17 2.65417e-17 2.65417e-17 2.65417e-17 2.65417e-17 2.65417e-17 2.65417e-17 2.65417e-17 2.65417e-17 2.65417e-17 2.65417e-17 2.65417e-17 2.65417e-17 2.65417e-17 2.65417e-17 2.65417e-17 2.65417e-17 2.65417e-17 2.65417e-17 2.65417e-17 2.65417e-17 2.65417e-17 2.65417e-17 
0.0229286	3	1.65933e-17 1.65933e-17 1.65933e-17 1.65933e-17 1.65933e-17 1.65933e-17 1.65933e-17 1.65933e-17 1.65933e-17 1.65933e-17 1.65933e-17 1.65933e-17 1.65933e-17 1.65933e-17 1.65933e-17 1.65933e-17 1.65933e-17 1.65933e-17 1.65933e-17 1.65933e-17 1.65933e-17 1.65933e-17 1.65933e-17 1.65933e-17 1.65933e-17 
0.0239286	1	1.65933e-17 1.65933e-17 1.65933e-17 1.65933e-17 1.65933e-17 1.65933e-17 1.65933e-17 1.65933e-17 1.65933e-17 1.65933e-17 1.65933e-17 1.65933e-17 1.65933e-17 1.65933e-17 1.65933e-17 1.65933e-17 1.65933e-17 1.65933e-17 1.65933e-17 1.65933e-17 1.65933e-17 1.65933e-17 1.65933e-17 1.65933e-17 1.65933e-17 
0.0239286	2	2.65417e-17 2.65417e-17 2.65417e-17 2.65417e-17 2.65417e-17 2.65417e-17 2.65417e-17 2.65417e-17 2.65417e-17 2.65417e-17 2.65417e-17 2.65417e-17 2.65417e-17 2.65417e-17 2.65417e-17 2.65417e-17 2.65417e-17 2.65417e-17 2.65417e-17 2.65417e-17 2.65417e-17 2.65417e-17 2.65417e-17 2.65417e-17 2.65417e-17 
0.0239286	3	1.65933e-17 1.65933e-17 1.65933e-17 1.65933e-17 1.65933e-17 1.65933e-17 1.65933e-17 1.65933e-17 1.65933e-17 1.65933e-17 1.65933e-17 1.65933e-17 1.65933e-17 1.65933e-17 1.65933e-17 1.65933e-17 1.65933e-17 1.65933e-17 1.65933e-17 1.65933e-17 1.65933e-17 1.65933e-17 1.65933e-17 1.65933e-17 1.65933e-17 
0.0259286	1	1.65933e-17 1.65933e-17 1.65933e-17 1.65933e-17 1.65933e-17 1.65933e-17 1.65933e-17 1.65933e-17 1.65933e-17 1.65933e-17 1.65933e-17 1.65933e-17 1.65933e-17 1.65933e-17 1.65933e-17 1.65933e-17 1.65933e-17 1.65933e-17 1.65933e-17 1.65933e-17 1.65933e-17 1.65933e-17 1.65933e-17 1.65933e-17 1.65933e-17 
0.0259286	2	2.65417e-17 2.65417e-17 2.65417e-17 2.65417e-17 2.65417e-17 2.65417e-17 2.65417e-17 2.65417e-17 2.65417e-17 2.65417e-17 2.65417e-17 2.65417e-17 2.65417e-17 2.65417e-17 2.65417e-17 2.65417e-17 2.65417e-17 2.65417e-17 2.65417e-17 2.65417e-17 2.65417e-17 2.65417e-17 2.65417e-17 2.65417e-17 2.65417e-17 
0.0259286	3	1.65933e-17 1.65933e-17 1.65933e-17 1.65933e-17 1.65933e-17 1.65933e-17 1.65933e-17 1.65933e-17 1.65933e-17 1.65933e-17 1.65933e-17 1.65933e-17 1.65933e-17 1.65933e-17 1.65933e-17 1.65933e-17 1.65933e-17 1.65933e-17 1.65933e-17 1.65933e-17 1.65933e-17 1.65933e-17 1.65933e-17 1.65933e-17 1.65933e-17 
0.0279286	1	1.65933e-17 1.65933e-17 1.65933e-17 1.65933e-17 1.65933e-17 1.65933e-17 1.65933e-17 1.65933e-17 1.65933e-17 1.65933e-17 1.65933e-17 1.65933e-17 1.65933e-17 1.65933e-17 1.65933e-17 1.65933e-17 1.65933e-17 1.65933e-17 1.65933e-17 1.65933e-17 1.65933e-17 1.65933e-17 1.65933e-17 1.65933e-17 1.65933e-17 
0.0279286	2	2.65417e-17 2.65417e-17 2.65417e-17 2.65417e-17 2.65417e-17 2.65417e-17 2.65417e-17 2.65417e-17 2.65417e-17 2.65417e-17 2.65417e-17 2.65417e-17 2.65417e-17 2.65417e-17 2.65417e-17 2.65417e-17 2.65417e-17 2.65417e-17 2.65417e-17 2.65417e-17 2.65417e-17 2.65417e-17 2.65417e-17 2.65417e-17 2.65417e-17 
0.0279286	3	1.65933e-17 1.65933e-17 1.65933e-17 1.65933e-17 1.65933e-17 1.65933e-17 1.65933e-17 1.65933e-17 1.65933e-17 1.65933e-17 1.65933e-17 1.65933e-17 1.65933e-17 1.65933e-17 1.65933e-17 1.65933e-17 1.65933e-17 1.65933e-17 1.65933e-17 1.65933e-17 1.65933e-17 1.65933e-17 1.65933e-17 1.65933e-17 1.65933e-17 
0.0299286	1	1.65933e-17 1.65933e-17 1.65933e-17 1.65933e-17 1.65933e-17 1.65933e-17 1.65933e-17 1.65933e-17 1.65933e-17 1.65933e-17 1.65933e-17 1.65933e-17 1.65933e-17 1.65933e-17 1.65933e-17 1.65933e-17 1.65933e-17 1.65933e-17 1.65933e-17 1.65933e-17 1.65933e-17 1.65933e-17 1.65933e-17 1.65933e-17 1.65933e-17 
0.0299286	2	2.65417e-17 2.65417e-17 2.65417e-17 2.65417e-17 2.65417e-17 2.65417e-17 2.65417e-17 2.65417e-17 2.65417e-17 2.65417e-17 2.65417e-17 2.65417e-17 2.65417e-17 2.65417e-17 2.65417e-17 2.65417e-17 2.65417e-17 2.65417e-17 2.65417e-17 2.65417e-17 2.65417e-17 2.65417e-17 2.65417e-17 2.65417e-17 2.65417e-17 
0.0299286	3	1.65933e-17 1.65933e-17 1.65933e-17 1.65933e-17 1.65933e-17 1.65933e-17 1.65933e-17 1.65933e-17 1.65933e-17 1.65933e-17 1.65933e-17 1.65933e-17 1.65933e-17 1.65933e-17 1.65933e-17 1.65933e-17 1.65933e-17 1.65933e-17 1.65933e-17 1.65933e-17 1.65933e-17 1.65933e-17 1.65933e-17 1.65933e-17 1.65933e-17 
0.0319286	1	1.65933e-17 1.65933e-17 1.65933e-17 1.65933e-17 1.65933e-17 1.65933e-17 1.65933e-17 1.65933e-17 1.65933e-17 1.65933e-17 1.65933e-17 1.65933e-17 1.65933e-17 1.65933e-17 1.65933e-17 1.65933e-17 1.65933e-17 1.65933e-17 1.65933e-17 1.65933e-17 1.65933e-17 1.65933e-17 1.65933e-17 1.65933e-17 1.65933e-17 
0.0319286	2	2.65417e-17 2.65417e-17 2.65417e-17 2.65417e-17 2.65417e-17 2.65417e-17 2.65417e-17 2.65417e-17 2.65417e-17 2.65417e-17 2.65417e-17 2.65417e-17 2.65417e-17 2.65417e-17 2.65417e-17 2.65417e-17 2.65417e-17 2.65417e-17 2.65417e-17 2.65417e-17 2.65417e-17 2.65417e-17 2.65417e-17 2.65417e-17 2.65417e-17 
0.0319286	3	1.65933e-17 1.65933e-17 1.65933e-17 1.65933e-17 1.65933e-17 1.65933e-17 1.65933e-17 1.65933e-17 1.65933e-17 1.65933e-17 1.65933e-17 1.65933e-17 1.65933e-17 1.65933e-17 1.65933e-17 1.65933e-17 1.65933e-17 1.65933e-17 1.65933e-17 1.65933e-17 1.65933e-17 1.65933e-17 1.65933e-17 1.65933e-17 1.65933e-17 
0.0339286	1	1.65933e-17 1.65933e-17 1.65933e-17 1.65933e-17 1.65933e-17 1.65933e-17 1.65933e-17 1.65933e-17 1.65933e-17 1.65933e-17 1.65933e-17 1.65933e-17 1.65933e-17 1.65933e-17 1.65933e-17 1.65933e-17 1.65933e-17 1.65933e-17 1.65933e-17 1.65933e-17 1.65933e-17 1.65933e-17 1.65933e-17 1.65933e-17 1.65933e-17 
0.0339286	2	2.65417e-17 2.65417e-17 2.65417e-17 2.65417e-17 2.65417e-17 2.65417e-17 2.65417e-17 2.65417e-17 2.65417e-17 2.65417e-17 2.65417e-17 2.65417e-17 2.65417e-17 2.65417e-17 2.65417e-17 2.65417e-17 2.65417e-17 2.65417e-17 2.65417e-17 2.65417e-17 2.65417e-17 2.65417e-17 2.65417e-17 2.65417e-17 2.65417e-17 
0.0339286	3	1.65933e-17 1.65933e-17 1.65933e-17 1.65933e-17 1.65933e-17 1.65933e-17 1.65933e-17 1.65933e-17 1.65933e-17 1.65933e-17 1.65933e-17 1.65933e-17 1.65933e-17 1.65933e-17 1.65933e-17 1.65933e-17 1.65933e-17 1.65933e-17 1.65933e-17 1.65933e-17 1.65933e-17 1.65933e-17 1.65933e-17 1.65933e-17 1.65933e-17 
0.0359286	1	1.65933e-17 1.65933e-17 1.65933e-17 1.65933e-17 1.65933e-17 1.65933e-17 1.65933e-17 1.65933e-17 1.65933e-17 1.65933e-17 1.65933e-17 1.65933e-17 1.65933e-17 1.65933e-17 1.65933e-17 1.65933e-17 1.65933e-17 1.65933e-17 1.65933e-17 1.65933e-17 1.65933e-17 1.65933e-17 1.65933e-17 1.65933e-17 1.65933e-17 
0.0359286	2	2.65417e-17 2.65417e-17 2.65417e-17 2.65417e-17 2.65417e-17 2.65417e-17 2.65417e-17 2.65417e-17 2.65417e-17 2.65417e-17 2.65417e-17 2.65417e-17 2.65417e-17 2.65417e-17 2.65417e-17 2.65417e-17 2.65417e-17 2.65417e-17 2.65417e-17 2.65417e-17 2.65417e-17 2.65417e-17 2.65417e-17 2.65417e-17 2.65417e-17 
0.0359286	3	1.65933e-17 1.65933e-17 1.65933e-17 1.65933e-17 1.65933e-17 1.65933e-17 1.65933e-17 1.65933e-17 1.65933e-17 1.65933e-17 1.65933e-17 1.65933e-17 1.65933e-17 1.65933e-17 1.65933e-17 1.65933e-17 1.65933e-17 1.65933e-17 1.65933e-17 1.65933e-17 1.65933e-17 1.65933e-17 1.65933e-17 1.65933e-17 1.65933e-17 
0.0379286	1	1.65933e-17 1.65933e-17 1.65933e-17 1.65933e-17 1.65933e-17 1.65933e-17 1.65933e-17 1.65933e-17 1.65933e-17 1.65933e-17 1.65933e-17 1.65933e-17 1.65933e-17 1.65933e-17 1.65933e-17 1.65933e-17 1.65933e-17 1.65933e-17 1.65933e-17 1.65933e-17 1.65933e-17 1.65933e-17 1.65933e-17 1.65933e-17 1.65933e-17 
0.0379286	2	2.65417e-17 2.65417e-17 2.65417e-17 2.65417e-17 2.65417e-17 2.65417e-17 2.65417e-17 2.65417e-17 2.65417e-17 2.65417e-17 2.65417e-17 2.65417e-17 2.65417e-17 2.65417e-17 2.65417e-17 2.65417e-17 2.65417e-17 2.65417e-17 2.65417e-17 2.65417e-17 2.65417e-17 2.65417e-17 2.65417e-17 2.65417e-17 2.65417e-17 
0.0379286	3	1.65933e-17 1.65933e-17 1.65933e-17 1.65933e-17 1.65933e-17 1.65933e-17 1.65933e-17 1.65933e-17 1.65933e-17 1.65933e-17 1.65933e-17 1.65933e-17 1.65933e-17 1.65933e-17 1.65933e-17 1.65933e-17 1.65933e-17 1.65933e-17 1.65933e-17 1.65933e-17 1.65933e-17 1.65933e-17 1.65933e-17 1.65933e-17 1.65933e-17 
0.0399286	1	1.65933e-17 1.65933e-17 1.65933e-17 1.65933e-17 1.65933e-17 1.65933e-17 1.65933e-17 1.65933e-17 1.65933e-17 1.65933e-17 1.65933e-17 1.65933e-17 1.65933e-17 1.65933e-17 1.65933e-17 1.65933e-17 1.65933e-17 1.65933e-17 1.65933e-17 1.65933e-17 1.65933e-17 1.65933e-17 1.65933e-17 1.65933e-17 1.65933e-17 
0.0399286	2	2.65417e-17 2.65417e-17 2.65417e-17 2.65417e-17 2.65417e-17 2.65417e-17 2.65417e-17 2.65417e-17 2.65417e-17 2.65417e-17 2.65417e-17 2.65417e-17 2.65417e-17 2.65417e-17 2.65417e-17 2.65417e-17 2.65417e-17 2.65417e-17 2.65417e-17 2.65417e-17 2.65417e-17 2.65417e-17 2.65417e-17 2.65417e-17 2.65417e-17 
0.0399286	3	1.65933e-17 1.65933e-17 1.65933e-17 1.65933e-17 1.65933e-17 1.65933e-17 1.65933e-17 1.65933e-17 1.65933e-17 1.65933e-17 1.65933e-17 1.65933e-17 1.65933e-17 1.65933e-17 1.65933e-17 1.65933e-17 1.65933e-17 1.65933e-17 1.65933e-17 1.65933e-17 1.65933e-17 1.65933e-17 1.65933e-17 1.65933e-17 1.65933e-17 
0.0419286	1	1.65933e-17 1.65933e-17 1.65933e-17 1.65933e-17 1.65933e-17 1.65933e-17 1.65933e-17 1.65933e-17 1.65933e-17 1.65933e-17 1.65933e-17 1.65933e-17 1.65933e-17 1.65933e-17 1.65933e-17 1.65933e-17 1.65933e-17 1.65933e-17 1.65933e-17 1.65933e-17 1.65933e-17 1.65933e-17 1.65933e-17 1.65933e-17 1.65933e-17 
0.0419286	2	2.65417e-17 2.65417e-17 2.65417e-17 2.65417e-17 2.65417e-17 2.65417e-17 2.65417e-17 2.65417e-17 2.65417e-17 2.65417e-17 2.65417e-17 2.65417e-17 2.65417e-17 2.65417e-17 2.65417e-17 2.65417e-17 2.65417e-17 2.65417e-17 2.65417e-17 2.65417e-17 2.65417e-17 2.65417e-17 2.65417e-17 2.65417e-17 2.65417e-17 
0.0419286	3	1.65933e-17 1.65933e-17 1.65933e-17 1.65933e-17 1.65933e-17 1.65933e-17 1.65933e-17 1.65933e-17 1.65933e-17 1.65933e-17 1.65933e-17 1.65933e-17 1.65933e-17 1.65933e-17 1.65933e-17 1.65933e-17 1.65933e-17 1.65933e-17 1.65933e-17 1.65933e-17 1.65933e-17 1.65933e-17 1.65933e-17 1.65933e-17 1.65933e-17 
0.0439286	1	1.65933e-17 1.65933e-17 1.65933e-17 1.65933e-17 1.65933e-17 1.65933e-17 1.65933e-17 1.65933e-17 1.65933e-17 1.65933e-17 1.65933e-17 1.65933e-17 1.65933e-17 1.65933e-17 1.65933e-17 1.65933e-17 1.65933e-17 1.65933e-17 1.65933e-17 1.65933e-17 1.65933e-17 1.65933e-17 1.65933e-17 1.65933e-17 1.65933e-17 
0.0439286	2	2.65417e-17 2.65417e-17 2.65417e-17 2.65417e-17 2.65417e-17 2.65417e-17 2.65417e-17 2.65417e-17 2.65417e-17 2.65417e-17 2.65417e-17 2.65417e-17 2.65417e-17 2.65417e-17 2.65417e-17 2.65417e-17 2.65417e-17 2.65417e-17 2.65417e-17 2.65417e-17 2.65417e-17 2.65417e-17 2.65417e-17 2.65417e-17 2.65417e-17 
0.0439286	3	1.65933e-17 1.65933e-17 1.65933e-17 1.65933e-17 1.65933e-17 1.65933e-17 1.65933e-17 1.65933e-17 1.65933e-17 1.65933e-17 1.65933e-17 1.65933e-17 1.65933e-17 1.65933e-17 1.65933e-17 1.65933e-17 1.65933e-17 1.65933e-17 1.65933e-17 1.65933e-17 1.65933e-17 1.65933e-17 1.65933e-17 1.65933e-17 1.65933e-17 
0.0459286	1	1.65933e-17 1.65933e-17 1.65933e-17 1.65933e-17 1.65933e-17 1.65933e-17 1.65933e-17 1.65933e-17 1.65933e-17 1.65933e-17 1.65933e-17 1.65933e-17 1.65933e-17 1.65933e-17 1.65933e-17 1.65933e-17 1.65933e-17 1.65933e-17 1.65933e-17 1.65933e-17 1.65933e-17 1.65933e-17 1.65933e-17 1.65933e-17 1.65933e-17 
0.0459286	2	2.65417e-17 2.65417e-17 2.65417e-17 2.65417e-17 2.65417e-17 2.65417e-17 2.65417e-17 2.65417e-17 2.65417e-17 2.65417e-17 2.65417e-17 2.65417e-17 2.65417e-17 2.65417e-17 2.65417e-17 2.65417e-17 2.65417e-17 2.65417e-17 2.65417e-17 2.65417e-17 2.65417e-17 2.65417e-17 2.65417e-17 2.65417e-17 2.65417e-17 
0.0459286	3	1.65933e-17 1.65933e-17 1.65933e-17 1.65933e-17 1.65933e-17 1.65933e-17 1.65933e-17 1.65933e-17 1.65933e-17 1.65933e-17 1.65933e-17 1.65933e-17 1.65933e-17 1.65933e-17 1.65933e-17 1.65933e-17 1.65933e-17 1.65933e-17 1.65933e-17 1.65933e-17 1.65933e-17 1.65933e-17 1.65933e-17 1.65933e-17 1.65933e-17 
0.0479286	1	1.65933e-17 1.65933e-17 1.65933e-17 1.65933e-17 1.65933e-17 1.65933e-17 1.65933e-17 1.65933e-17 1.65933e-17 1.65933e-17 1.65933e-17 1.65933e-17 1.65933e-17 1.65933e-17 1.65933e-17 1.65933e-17 1.65933e-17 1.65933e-17 1.65933e-17 1.65933e-17 1.65933e-17 1.65933e-17 1.65933e-17 1.65933e-17 1.65933e-17 
0.0479286	2	2.65417e-17 2.65417e-17 2.65417e-17 2.65417e-17 2.65417e-17 2.65417e-17 2.65417e-17 2.65417e-17 2.65417e-17 2.65417e-17 2.65417e-17 2.65417e-17 2.65417e-17 2.65417e-17 2.65417e-17 2.65417e-17 2.65417e-17 2.65417e-17 2.65417e-17 2.65417e-17 2.65417e-17 2.65417e-17 2.65417e-17 2.65417e-17 2.65417e-17 
0.0479286	3	1.65933e-17 1.65933e-17 1.65933e-17 1.65933e-17 1.65933e-17 1.65933e-17 1.65933e-17 1.65933e-17 1.65933e-17 1.65933e-17 1.65933e-17 1.65933e-17 1.65933e-17 1.65933e-17 1.65933e-17 1.65933e-17 1.65933e-17 1.65933e-17 1.65933e-17 1.65933e-17 1.65933e-17 1.65933e-17 1.65933e-17 1.65933e-17 1.65933e-17 
0.0499286	1	1.65933e-17 1.65933e-17 1.65933e-17 1.65933e-17 1.65933e-17 1.65933e-17 1.65933e-17 1.65933e-17 1.65933e-17 1.65933e-17 1.65933e-17 1.65933e-17 1.65933e-17 1.65933e-17 1.65933e-17 1.65933e-17 1.65933e-17 1.65933e-17 1.65933e-17 1.65933e-17 1.65933e-17 1.65933e-17 1.65933e-17 1.65933e-17 1.65933e-17 
0.0499286	2	2.65417e-17 2.65417e-17 2.65417e-17 2.65417e-17 2.65417e-17 2.65417e-17 2.65417e-17 2.65417e-17 2.65417e-17 2.65417e-17 2.65417e-17 2.65417e-17 2.65417e-17 2.65417e-17 2.65417e-17 2.65417e-17 2.65417e-17 2.65417e-17 2.65417e-17 2.65417e-17 2.65417e-17 2.65417e-17 2.65417e-17 2.65417e-17 2.65417e-17 
0.0499286	3	1.65933e-17 1.65933e-17 1.65933e-17 1.65933e-17 1.65933e-17 1.65933e-17 1.65933e-17 1.65933e-17 1.65933e-17 1.65933e-17 1.65933e-17 1.65933e-17 1.65933e-17 1.65933e-17 1.65933e-17 1.65933e-17 1.65933e-17 1.65933e-17 1.65933e-17 1.65933e-17 1.65933e-17 1.65933e-17 1.65933e-17 1.65933e-17 1.65933e-17 
0.0519286	1	1.65933e-17 1.65933e-17 1.65933e-17 1.65933e-17 1.65933e-17 1.65933e-17 1.65933e-17 1.65933e-17 1.65933e-17 1.65933e-17 1.65933e-17 1.65933e-17 1.65933e-17 1.65933e-17 1.65933e-17 1.65933e-17 1.65933e-17 1.65933e-17 1.65933e-17 1.65933e-17 1.65933e-17 1.65933e-17 1.65933e-17 1.65933e-17 1.65933e-17 
0.0519286	2	2.65417e-17 2.65417e-17 2.65417e-17 2.65417e-17 2.65417e-17 2.65417e-17 2.65417e-17 2.65417e-17 2.65417e-17 2.65417e-17 2.65417e-17 2.65417e-17 2.65417e-17 2.65417e-17 2.65417e-17 2.65417e-17 2.65417e-17 2.65417e-17 2.65417e-17 2.65417e-17 2.65417e-17 2.65417e-17 2.65417e-17 2.65417e-17 2.65417e-17 
0.0519286	3	1.65933e-17 1.65933e-17 1.65933e-17 1.65933e-17 1.65933e-17 1.65933e-17 1.65933e-17 1.65933e-17 1.65933e-17 1.65933e-17 1.65933e-17 1.65933e-17 1.65933e-17 1.65933e-17 1.65933e-17 1.65933e-17 1.65933e-17 1.65933e-17 1.65933e-17 1.65933e-17 1.65933e-17 1.65933e-17 1.65933e-17 1.65933e-17 1.65933e-17 
0.0539286	1	1.65933e-17 1.65933e-17 1.65933e-17 1.65933e-17 1.65933e-17 1.65933e-17 1.65933e-17 1.65933e-17 1.65933e-17 1.65933e-17 1.65933e-17 1.65933e-17 1.65933e-17 1.65933e-17 1.65933e-17 1.65933e-17 1.65933e-17 1.65933e-17 1.65933e-17 1.65933e-17 1.65933e-17 1.65933e-17 1.65933e-17 1.65933e-17 1.65933e-17 
0.0539286	2	2.65417e-17 2.65417e-17 2.65417e-17 2.65417e-17 2.65417e-17 2.65417e-17 2.65417e-17 2.65417e-17 2.65417e-17 2.65417e-17 2.65417e-17 2.65417e-17 2.65417e-17 2.65417e-17 2.65417e-17 2.65417e-17 2.65417e-17 2.65417e-17 2.65417e-17 2.65417e-17 2.65417e-17 2.65417e-17 2.65417e-17 2.65417e-17 2.65417e-17 
0.0539286	3	1.65933e-17 1.65933e-17 1.65933e-17 1.65933e-17 1.65933e-17 1.65933e-17 1.65933e-17 1.65933e-17 1.65933e-17 1.65933e-17 1.65933e-17 1.65933e-17 1.65933e-17 1.65933e-17 1.65933e-17 1.65933e-17 1.65933e-17 1.65933e-17 1.65933e-17 1.65933e-17 1.65933e-17 1.65933e-17 1.65933e-17 1.65933e-17 1.65933e-17 
0.0559286	1	1.65933e-17 1.65933e-17 1.65933e-17 1.65933e-17 1.65933e-17 1.65933e-17 1.65933e-17 1.65933e-17 1.65933e-17 1.65933e-17 1.65933e-17 1.65933e-17 1.65933e-17 1.65933e-17 1.65933e-17 1.65933e-17 1.65933e-17 1.65933e-17 1.65933e-17 1.65933e-17 1.65933e-17 1.65933e-17 1.65933e-17 1.65933e-17 1.65933e-17 
0.0559286	2	2.65417e-17 2.65417e-17 2.65417e-17 2.65417e-17 2.65417e-17 2.65417e-17 2.65417e-17 2.65417e-17 2.65417e-17 2.65417e-17 2.65417e-17 2.65417e-17 2.65417e-17 2.65417e-17 2.65417e-17 2.65417e-17 2.65417e-17 2.65417e-17 2.65417e-17 2.65417e-17 2.65417e-17 2.65417e-17 2.65417e-17 2.65417e-17 2.65417e-17 
0.0559286	3	1.65933e-17 1.65933e-17 1.65933e-17 1.65933e-17 1.65933e-17 1.65933e-17 1.65933e-17 1.65933e-17 1.65933e-17 1.65933e-17 1.65933e-17 1.65933e-17 1.65933e-17 1.65933e-17 1.65933e-17 1.65933e-17 1.65933e-17 1.65933e-17 1.65933e-17 1.65933e-17 1.65933e-17 1.65933e-17 1.65933e-17 1.65933e-17 1.65933e-17 
0.0579286	1	1.65933e-17 1.65933e-17 1.65933e-17 1.65933e-17 1.65933e-17 1.65933e-17 1.65933e-17 1.65933e-17 1.65933e-17 1.65933e-17 1.65933e-17 1.65933e-17 1.65933e-17 1.65933e-17 1.65933e-17 1.65933e-17 1.65933e-17 1.65933e-17 1.65933e-17 1.65933e-17 1.65933e-17 1.65933e-17 1.65933e-17 1.65933e-17 1.65933e-17 
0.0579286	2	2.65417e-17 2.65417e-17 2.65417e-17 2.65417e-17 2.65417e-17 2.65417e-17 2.65417e-17 2.65417e-17 2.65417e-17 2.65417e-17 2.65417e-17 2.65417e-17 2.65417e-17 2.65417e-17 2.65417e-17 2.65417e-17 2.65417e-17 2.65417e-17 2.65417e-17 2.65417e-17 2.65417e-17 2.65417e-17 2.65417e-17 2.65417e-17 2.65417e-17 
0.0579286	3	1.65933e-17 1.65933e-17 1.65933e-17 1.65933e-17 1.65933e-17 1.65933e-17 1.65933e-17 1.65933e-17 1.65933e-17 1.65933e-17 1.65933e-17 1.65933e-17 1.65933e-17 1.65933e-17 1.65933e-17 1.65933e-17 1.65933e-17 1.65933e-17 1.65933e-17 1.65933e-17 1.65933e-17 1.65933e-17 1.65933e-17 1.65933e-17 1.65933e-17 
0.0599286	1	1.65933e-17 1.65933e-17 1.65933e-17 1.65933e-17 1.65933e-17 1.65933e-17 1.65933e-17 1.65933e-17 1.65933e-17 1.65933e-17 1.65933e-17 1.65933e-17 1.65933e-17 1.65933e-17 1.65933e-17 1.65933e-17 1.65933e-17 1.65933e-17 1.65933e-17 1.65933e-17 1.65933e-17 1.65933e-17 1.65933e-17 1.65933e-17 1.65933e-17 
0.0599286	2	2.65417e-17 2.65417e-17 2.65417e-17 2.65417e-17 2.65417e-17 2.65417e-17 2.65417e-17 2.65417e-17 2.65417e-17 2.65417e-17 2.65417e-17 2.65417e-17 2.65417e-17 2.65417e-17 2.65417e-17 2.65417e-17 2.65417e-17 2.65417e-17 2.65417e-17 2.65417e-17 2.65417e-17 2.65417e-17 2.65417e-17 2.65417e-17 2.65417e-17 
0.0599286	3	1.65933e-17 1.65933e-17 1.65933e-17 1.65933e-17 1.65933e-17 1.65933e-17 1.65933e-17 1.65933e-17 1.65933e-17 1.65933e-17 1.65933e-17 1.65933e-17 1.65933e-17 1.65933e-17 1.65933e-17 1.65933e-17 1.65933e-17 1.65933e-17 1.65933e-17 1.65933e-17 1.65933e-17 1.65933e-17 1.65933e-17 1.65933e-17 1.65933e-17 
0.0619286	1	1.65933e-17 1.65933e-17 1.65933e-17 1.65933e-17 1.65933e-17 1.65933e-17 1.65933e-17 1.65933e-17 1.65933e-17 1.65933e-17 1.65933e-17 1.65933e-17 1.65933e-17 1.65933e-17 1.65933e-17 1.65933e-17 1.65933e-17 1.65933e-17 1.65933e-17 1.65933e-17 1.65933e-17 1.65933e-17 1.65933e-17 1.65933e-17 1.65933e-17 
0.0619286	2	2.65417e-17 2.65417e-17 2.65417e-17 2.65417e-17 2.65417e-17 2.65417e-17 2.65417e-17 2.65417e-17 2.65417e-17 2.65417e-17 2.65417e-17 2.65417e-17 2.65417e-17 2.65417e-17 2.65417e-17 2.65417e-17 2.65417e-17 2.65417e-17 2.65417e-17 2.65417e-17 2.65417e-17 2.65417e-17 2.65417e-17 2.65417e-17 2.65417e-17 
0.0619286	3	1.65933e-17 1.65933e-17 1.65933e-17 1.65933e-17 1.65933e-17 1.65933e-17 1.65933e-17 1.65933e-17 1.65933e-17 1.65933e-17 1.65933e-17 1.65933e-17 1.65933e-17 1.65933e-17 1.65933e-17 1.65933e-17 1.65933e-17 1.65933e-17 1.65933e-17 1.65933e-17 1.65933e-17 1.65933e-17 1.65933e-17 1.65933e-17 1.65933e-17 
0.0639286	1	1.65933e-17 1.65933e-17 1.65933e-17 1.65933e-17 1.65933e-17 1.65933e-17 1.65933e-17 1.65933e-17 1.65933e-17 1.65933e-17 1.65933e-17 1.65933e-17 1.65933e-17 1.65933e-17 1.65933e-17 1.65933e-17 1.65933e-17 1.65933e-17 1.65933e-17 1.65933e-17 1.65933e-17 1.65933e-17 1.65933e-17 1.65933e-17 1.65933e-17 
0.0639286	2	2.65417e-17 2.65417e-17 2.65417e-17 2.65417e-17 2.65417e-17 2.65417e-17 2.65417e-17 2.65417e-17 2.65417e-17 2.65417e-17 2.65417e-17 2.65417e-17 2.65417e-17 2.65417e-17 2.65417e-17 2.65417e-17 2.65417e-17 2.65417e-17 2.65417e-17 2.65417e-17 2.65417e-17 2.65417e-17 2.65417e-17 2.65417e-17 2.65417e-17 
0.0639286	3	1.65933e-17 1.65933e-17 1.65933e-17 1.65933e-17 1.65933e-17 1.65933e-17 1.65933e-17 1.65933e-17 1.65933e-17 1.65933e-17 1.65933e-17 1.65933e-17 1.65933e-17 1.65933e-17 1.65933e-17 1.65933e-17 1.65933e-17 1.65933e-17 1.65933e-17 1.65933e-17 1.65933e-17 1.65933e-17 1.65933e-17 1.65933e-17 1.65933e-17 
0.0659286	1	1.65933e-17 1.65933e-17 1.65933e-17 1.65933e-17 1.65933e-17 1.65933e-17 1.65933e-17 1.65933e-17 1.65933e-17 1.65933e-17 1.65933e-17 1.65933e-17 1.65933e-17 1.65933e-17 1.65933e-17 1.65933e-17 1.65933e-17 1.65933e-17 1.65933e-17 1.65933e-17 1.65933e-17 1.65933e-17 1.65933e-17 1.65933e-17 1.65933e-17 
0.0659286	2	2.65417e-17 2.65417e-17 2.65417e-17 2.65417e-17 2.65417e-17 2.65417e-17 2.65417e-17 2.65417e-17 2.65417e-17 2.65417e-17 2.65417e-17 2.65417e-17 2.65417e-17 2.65417e-17 2.65417e-17 2.65417e-17 2.65417e-17 2.65417e-17 2.65417e-17 2.65417e-17 2.65417e-17 2.65417e-17 2.65417e-17 2.65417e-17 2.65417e-17 
0.0659286	3	1.65933e-17 1.65933e-17 1.65933e-17 1.65933e-17 1.65933e-17 1.65933e-17 1.65933e-17 1.65933e-17 1.65933e-17 1.65933e-17 1.65933e-17 1.65933e-17 1.65933e-17 1.65933e-17 1.65933e-17 1.65933e-17 1.65933e-17 1.65933e-17 1.65933e-17 1.65933e-17 1.65933e-17 1.65933e-17 1.65933e-17 1.65933e-17 1.65933e-17 
0.0679286	1	1.65933e-17 1.65933e-17 1.65933e-17 1.65933e-17 1.65933e-17 1.65933e-17 1.65933e-17 1.65933e-17 1.65933e-17 1.65933e-17 1.65933e-17 1.65933e-17 1.65933e-17 1.65933e-17 1.65933e-17 1.65933e-17 1.65933e-17 1.65933e-17 1.65933e-17 1.65933e-17 1.65933e-17 1.65933e-17 1.65933e-17 1.65933e-17 1.65933e-17 
0.0679286	2	2.65417e-17 2.65417e-17 2.65417e-17 2.65417e-17 2.65417e-17 2.65417e-17 2.65417e-17 2.65417e-17 2.65417e-17 2.65417e-17 2.65417e-17 2.65417e-17 2.65417e-17 2.65417e-17 2.65417e-17 2.65417e-17 2.65417e-17 2.65417e-17 2.65417e-17 2.65417e-17 2.65417e-17 2.65417e-17 2.65417e-17 2.65417e-17 2.65417e-17 
0.0679286	3	1.65933e-17 1.65933e-17 1.65933e-17 1.65933e-17 1.65933e-17 1.65933e-17 1.65933e-17 1.65933e-17 1.65933e-17 1.65933e-17 1.65933e-17 1.65933e-17 1.65933e-17 1.65933e-17 1.65933e-17 1.65933e-17 1.65933e-17 1.65933e-17 1.65933e-17 1.65933e-17 1.65933e-17 1.65933e-17 1.65933e-17 1.65933e-17 1.65933e-17 
0.0699286	1	1.65933e-17 1.65933e-17 1.65933e-17 1.65933e-17 1.65933e-17 1.65933e-17 1.65933e-17 1.65933e-17 1.65933e-17 1.65933e-17 1.65933e-17 1.65933e-17 1.65933e-17 1.65933e-17 1.65933e-17 1.65933e-17 1.65933e-17 1.65933e-17 1.65933e-17 1.65933e-17 1.65933e-17 1.65933e-17 1.65933e-17 1.65933e-17 1.65933e-17 
0.0699286	2	2.65417e-17 2.65417e-17 2.65417e-17 2.65417e-17 2.65417e-17 2.65417e-17 2.65417e-17 2.65417e-17 2.65417e-17 2.65417e-17 2.65417e-17 2.65417e-17 2.65417e-17 2.65417e-17 2.65417e-17 2.65417e-17 2.65417e-17 2.65417e-17 2.65417e-17 2.65417e-17 2.65417e-17 2.65417e-17 2.65417e-17 2.65417e-17 2.65417e-17 
0.0699286	3	1.65933e-17 1.65933e-17 1.65933e-17 1.65933e-17 1.65933e-17 1.65933e-17 1.65933e-17 1.65933e-17 1.65933e-17 1.65933e-17 1.65933e-17 1.65933e-17 1.65933e-17 1.65933e-17 1.65933e-17 1.65933e-17 1.65933e-17 1.65933e-17 1.65933e-17 1.65933e-17 1.65933e-17 1.65933e-17 1.65933e-17 1.65933e-17 1.65933e-17 
0.0719286	1	1.65933e-17 1.65933e-17 1.65933e-17 1.65933e-17 1.65933e-17 1.65933e-17 1.65933e-17 1.65933e-17 1.65933e-17 1.65933e-17 1.65933e-17 1.65933e-17 1.65933e-17 1.65933e-17 1.65933e-17 1.65933e-17 1.65933e-17 1.65933e-17 1.65933e-17 1.65933e-17 1.65933e-17 1.65933e-17 1.65933e-17 1.65933e-17 1.65933e-17 
0.0719286	2	2.65417e-17 2.65417e-17 2.65417e-17 2.65417e-17 2.65417e-17 2.65417e-17 2.65417e-17 2.65417e-17 2.65417e-17 2.65417e-17 2.65417e-17 2.65417e-17 2.65417e-17 2.65417e-17 2.65417e-17 2.65417e-17 2.65417e-17 2.65417e-17 2.65417e-17 2.65417e-17 2.65417e-17 2.65417e-17 2.65417e-17 2.65417e-17 2.65417e-17 
0.0719286	3	1.65933e-17 1.65933e-17 1.65933e-17 1.65933e-17 1.65933e-17 1.65933e-17 1.65933e-17 1.65933e-17 1.65933e-17 1.65933e-17 1.65933e-17 1.65933e-17 1.65933e-17 1.65933e-17 1.65933e-17 1.65933e-17 1.65933e-17 1.65933e-17 1.65933e-17 1.65933e-17 1.65933e-17 1.65933e-17 1.65933e-17 1.65933e-17 1.65933e-17 
0.0739286	1	1.65933e-17 1.65933e-17 1.65933e-17 1.65933e-17 1.65933e-17 1.65933e-17 1.65933e-17 1.65933e-17 1.65933e-17 1.65933e-17 1.65933e-17 1.65933e-17 1.65933e-17 1.65933e-17 1.65933e-17 1.65933e-17 1.65933e-17 1.65933e-17 1.65933e-17 1.65933e-17 1.65933e-17 1.65933e-17 1.65933e-17 1.65933e-17 1.65933e-17 
0.0739286	2	2.65417e-17 2.65417e-17 2.65417e-17 2.65417e-17 2.65417e-17 2.65417e-17 2.65417e-17 2.65417e-17 2.65417e-17 2.65417e-17 2.65417e-17 2.65417e-17 2.65417e-17 2.65417e-17 2.65417e-17 2.65417e-17 2.65417e-17 2.65417e-17 2.65417e-17 2.65417e-17 2.65417e-17 2.65417e-17 2.65417e-17 2.65417e-17 2.65417e-17 
0.0739286	3	1.65933e-17 1.65933e-17 1.65933e-17 1.65933e-17 1.65933e-17 1.65933e-17 1.65933e-17 1.65933e-17 1.65933e-17 1.65933e-17 1.65933e-17 1.65933e-17 1.65933e-17 1.65933e-17 1.65933e-17 1.65933e-17 1.65933e-17 1.65933e-17 1.65933e-17 1.65933e-17 1.65933e-17 1.65933e-17 1.65933e-17 1.65933e-17 1.65933e-17 
0.0759286	1	1.65933e-17 1.65933e-17 1.65933e-17 1.65933e-17 1.65933e-17 1.65933e-17 1.65933e-17 1.65933e-17 1.65933e-17 1.65933e-17 1.65933e-17 1.65933e-17 1.65933e-17 1.65933e-17 1.65933e-17 1.65933e-17 1.65933e-17 1.65933e-17 1.65933e-17 1.65933e-17 1.65933e-17 1.65933e-17 1.65933e-17 1.65933e-17 1.65933e-17 
0.0759286	2	2.65417e-17 2.65417e-17 2.65417e-17 2.65417e-17 2.65417e-17 2.65417e-17 2.65417e-17 2.65417e-17 2.65417e-17 2.65417e-17 2.65417e-17 2.65417e-17 2.65417e-17 2.65417e-17 2.65417e-17 2.65417e-17 2.65417e-17 2.65417e-17 2.65417e-17 2.65417e-17 2.65417e-17 2.65417e-17 2.65417e-17 2.65417e-17 2.65417e-17 
0.0759286	3	1.65933e-17 1.65933e-17 1.65933e-17 1.65933e-17 1.65933e-17 1.65933e-17 1.65933e-17 1.65933e-17 1.65933e-17 1.65933e-17 1.65933e-17 1.65933e-17 1.65933e-17 1.65933e-17 1.65933e-17 1.65933e-17 1.65933e-17 1.65933e-17 1.65933e-17 1.65933e-17 1.65933e-17 1.65933e-17 1.65933e-17 1.65933e-17 1.65933e-17 
0.0779286	1	1.65933e-17 1.65933e-17 1.65933e-17 1.65933e-17 1.65933e-17 1.65933e-17 1.65933e-17 1.65933e-17 1.65933e-17 1.65933e-17 1.65933e-17 1.65933e-17 1.65933e-17 1.65933e-17 1.65933e-17 1.65933e-17 1.65933e-17 1.65933e-17 1.65933e-17 1.65933e-17 1.65933e-17 1.65933e-17 1.65933e-17 1.65933e-17 1.65933e-17 
0.0779286	2	2.65417e-17 2.65417e-17 2.65417e-17 2.65417e-17 2.65417e-17 2.65417e-17 2.65417e-17 2.65417e-17 2.65417e-17 2.65417e-17 2.65417e-17 2.65417e-17 2.65417e-17 2.65417e-17 2.65417e-17 2.65417e-17 2.65417e-17 2.65417e-17 2.65417e-17 2.65417e-17 2.65417e-17 2.65417e-17 2.65417e-17 2.65417e-17 2.65417e-17 
0.0779286	3	1.65933e-17 1.65933e-17 1.65933e-17 1.65933e-17 1.65933e-17 1.65933e-17 1.65933e-17 1.65933e-17 1.65933e-17 1.65933e-17 1.65933e-17 1.65933e-17 1.65933e-17 1.65933e-17 1.65933e-17 1.65933e-17 1.65933e-17 1.65933e-17 1.65933e-17 1.65933e-17 1.65933e-17 1.65933e-17 1.65933e-17 1.65933e-17 1.65933e-17 
0.0799286	1	1.65933e-17 1.65933e-17 1.65933e-17 1.65933e-17 1.65933e-17 1.65933e-17 1.65933e-17 1.65933e-17 1.65933e-17 1.65933e-17 1.65933e-17 1.65933e-17 1.65933e-17 1.65933e-17 1.65933e-17 1.65933e-17 1.65933e-17 1.65933e-17 1.65933e-17 1.65933e-17 1.65933e-17 1.65933e-17 1.65933e-17 1.65933e-17 1.65933e-17 
0.0799286	2	2.65417e-17 2.65417e-17 2.65417e-17 2.65417e-17 2.65417e-17 2.65417e-17 2.65417e-17 2.65417e-17 2.65417e-17 2.65417e-17 2.65417e-17 2.65417e-17 2.65417e-17 2.65417e-17 2.65417e-17 2.65417e-17 2.65417e-17 2.65417e-17 2.65417e-17 2.65417e-17 2.65417e-17 2.65417e-17 2.65417e-17 2.65417e-17 2.65417e-17 
0.0799286	3	1.65933e-17 1.65933e-17 1.65933e-17 1.65933e-17 1.65933e-17 1.65933e-17 1.65933e-17 1.65933e-17 1.65933e-17 1.65933e-17 1.65933e-17 1.65933e-17 1.65933e-17 1.65933e-17 1.65933e-17 1.65933e-17 1.65933e-17 1.65933e-17 1.65933e-17 1.65933e-17 1.65933e-17 1.65933e-17 1.65933e-17 1.65933e-17 1.65933e-17 
0.0819286	1	1.65933e-17 1.65933e-17 1.65933e-17 1.65933e-17 1.65933e-17 1.65933e-17 1.65933e-17 1.65933e-17 1.65933e-17 1.65933e-17 1.65933e-17 1.65933e-17 1.65933e-17 1.65933e-17 1.65933e-17 1.65933e-17 1.65933e-17 1.65933e-17 1.65933e-17 1.65933e-17 1.65933e-17 1.65933e-17 1.65933e-17 1.65933e-17 1.65933e-17 
0.0819286	2	2.65417e-17 2.65417e-17 2.65417e-17 2.65417e-17 2.65417e-17 2.65417e-17 2.65417e-17 2.65417e-17 2.65417e-17 2.65417e-17 2.65417e-17 2.65417e-17 2.65417e-17 2.65417e-17 2.65417e-17 2.65417e-17 2.65417e-17 2.65417e-17 2.65417e-17 2.65417e-17 2.65417e-17 2.65417e-17 2.65417e-17 2.65417e-17 2.65417e-17 
0.0819286	3	1.65933e-17 1.65933e-17 1.65933e-17 1.65933e-17 1.65933e-17 1.65933e-17 1.65933e-17 1.65933e-17 1.65933e-17 1.65933e-17 1.65933e-17 1.65933e-17 1.65933e-17 1.65933e-17 1.65933e-17 1.65933e-17 1.65933e-17 1.65933e-17 1.65933e-17 1.65933e-17 1.65933e-17 1.65933e-17 1.65933e-17 1.65933e-17 1.65933e-17 
0.0839286	1	1.65933e-17 1.65933e-17 1.65933e-17 1.65933e-17 1.65933e-17 1.65933e-17 1.65933e-17 1.65933e-17 1.65933e-17 1.65933e-17 1.65933e-17 1.65933e-17 1.65933e-17 1.65933e-17 1.65933e-17 1.65933e-17 1.65933e-17 1.65933e-17 1.65933e-17 1.65933e-17 1.65933e-17 1.65933e-17 1.65933e-17 1.65933e-17 1.65933e-17 
0.0839286	2	2.65417e-17 2.65417e-17 2.65417e-17 2.65417e-17 2.65417e-17 2.65417e-17 2.65417e-17 2.65417e-17 2.65417e-17 2.65417e-17 2.65417e-17 2.65417e-17 2.65417e-17 2.65417e-17 2.65417e-17 2.65417e-17 2.65417e-17 2.65417e-17 2.65417e-17 2.65417e-17 2.65417e-17 2.65417e-17 2.65417e-17 2.65417e-17 2.65417e-17 
0.0839286	3	1.65933e-17 1.65933e-17 1.65933e-17 1.65933e-17 1.65933e-17 1.65933e-17 1.65933e-17 1.65933e-17 1.65933e-17 1.65933e-17 1.65933e-17 1.65933e-17 1.65933e-17 1.65933e-17 1.65933e-17 1.65933e-17 1.65933e-17 1.65933e-17 1.65933e-17 1.65933e-17 1.65933e-17 1.65933e-17 1.65933e-17 1.65933e-17 1.65933e-17 
0.0859286	1	1.65933e-17 1.65933e-17 1.65933e-17 1.65933e-17 1.65933e-17 1.65933e-17 1.65933e-17 1.65933e-17 1.65933e-17 1.65933e-17 1.65933e-17 1.65933e-17 1.65933e-17 1.65933e-17 1.65933e-17 1.65933e-17 1.65933e-17 1.65933e-17 1.65933e-17 1.65933e-17 1.65933e-17 1.65933e-17 1.65933e-17 1.65933e-17 1.65933e-17 
0.0859286	2	2.65417e-17 2.65417e-17 2.65417e-17 2.65417e-17 2.65417e-17 2.65417e-17 2.65417e-17 2.65417e-17 2.65417e-17 2.65417e-17 2.65417e-17 2.65417e-17 2.65417e-17 2.65417e-17 2.65417e-17 2.65417e-17 2.65417e-17 2.65417e-17 2.65417e-17 2.65417e-17 2.65417e-17 2.65417e-17 2.65417e-17 2.65417e-17 2.65417e-17 
0.0859286	3	1.65933e-17 1.65933e-17 1.65933e-17 1.65933e-17 1.65933e-17 1.65933e-17 1.65933e-17 1.65933e-17 1.65933e-17 1.65933e-17 1.65933e-17 1.65933e-17 1.65933e-17 1.65933e-17 1.65933e-17 1.65933e-17 1.65933e-17 1.65933e-17 1.65933e-17 1.65933e-17 1.65933e-17 1.65933e-17 1.65933e-17 1.65933e-17 1.65933e-17 
0.0879286	1	1.65933e-17 1.65933e-17 1.65933e-17 1.65933e-17 1.65933e-17 1.65933e-17 1.65933e-17 1.65933e-17 1.65933e-17 1.65933e-17 1.65933e-17 1.65933e-17 1.65933e-17 1.65933e-17 1.65933e-17 1.65933e-17 1.65933e-17 1.65933e-17 1.65933e-17 1.65933e-17 1.65933e-17 1.65933e-17 1.65933e-17 1.65933e-17 1.65933e-17 
0.0879286	2	2.65417e-17 2.65417e-17 2.65417e-17 2.65417e-17 2.65417e-17 2.65417e-17 2.65417e-17 2.65417e-17 2.65417e-17 2.65417e-17 2.65417e-17 2.65417e-17 2.65417e-17 2.65417e-17 2.65417e-17 2.65417e-17 2.65417e-17 2.65417e-17 2.65417e-17 2.65417e-17 2.65417e-17 2.65417e-17 2.65417e-17 2.65417e-17 2.65417e-17 
0.0879286	3	1.65933e-17 1.65933e-17 1.65933e-17 1.65933e-17 1.65933e-17 1.65933e-17 1.65933e-17 1.65933e-17 1.65933e-17 1.65933e-17 1.65933e-17 1.65933e-17 1.65933e-17 1.65933e-17 1.65933e-17 1.65933e-17 1.65933e-17 1.65933e-17 1.65933e-17 1.65933e-17 1.65933e-17 1.65933e-17 1.65933e-17 1.65933e-17 1.65933e-17 
0.0899286	1	1.65933e-17 1.65933e-17 1.65933e-17 1.65933e-17 1.65933e-17 1.65933e-17 1.65933e-17 1.65933e-17 1.65933e-17 1.65933e-17 1.65933e-17 1.65933e-17 1.65933e-17 1.65933e-17 1.65933e-17 1.65933e-17 1.65933e-17 1.65933e-17 1.65933e-17 1.65933e-17 1.65933e-17 1.65933e-17 1.65933e-17 1.65933e-17 1.65933e-17 
0.0899286	2	2.65417e-17 2.65417e-17 2.65417e-17 2.65417e-17 2.65417e-17 2.65417e-17 2.65417e-17 2.65417e-17 2.65417e-17 2.65417e-17 2.65417e-17 2.65417e-17 2.65417e-17 2.65417e-17 2.65417e-17 2.65417e-17 2.65417e-17 2.65417e-17 2.65417e-17 2.65417e-17 2.65417e-17 2.65417e-17 2.65417e-17 2.65417e-17 2.65417e-17 
0.0899286	3	1.65933e-17 1.65933e-17 1.65933e-17 1.65933e-17 1.65933e-17 1.65933e-17 1.65933e-17 1.65933e-17 1.65933e-17 1.65933e-17 1.65933e-17 1.65933e-17 1.65933e-17 1.65933e-17 1.65933e-17 1.65933e-17 1.65933e-17 1.65933e-17 1.65933e-17 1.65933e-17 1.65933e-17 1.65933e-17 1.65933e-17 1.65933e-17 1.65933e-17 
0.0919286	1	1.65933e-17 1.65933e-17 1.65933e-17 1.65933e-17 1.65933e-17 1.65933e-17 1.65933e-17 1.65933e-17 1.65933e-17 1.65933e-17 1.65933e-17 1.65933e-17 1.65933e-17 1.65933e-17 1.65933e-17 1.65933e-17 1.65933e-17 1.65933e-17 1.65933e-17 1.65933e-17 1.65933e-17 1.65933e-17 1.65933e-17 1.65933e-17 1.65933e-17 
0.0919286	2	2.65417e-17 2.65417e-17 2.65417e-17 2.65417e-17 2.65417e-17 2.65417e-17 2.65417e-17 2.65417e-17 2.65417e-17 2.65417e-17 2.65417e-17 2.65417e-17 2.65417e-17 2.65417e-17 2.65417e-17 2.65417e-17 2.65417e-17 2.65417e-17 2.65417e-17 2.65417e-17 2.65417e-17 2.65417e-17 2.65417e-17 2.65417e-17 2.65417e-17 
0.0919286	3	1.65933e-17 1.65933e-17 1.65933e-17 1.65933e-17 1.65933e-17 1.65933e-17 1.65933e-17 1.65933e-17 1.65933e-17 1.65933e-17 1.65933e-17 1.65933e-17 1.65933e-17 1.65933e-17 1.65933e-17 1.65933e-17 1.65933e-17 1.65933e-17 1.65933e-17 1.65933e-17 1.65933e-17 1.65933e-17 1.65933e-17 1.65933e-17 1.65933e-17 
0.0939286	1	1.65933e-17 1.65933e-17 1.65933e-17 1.65933e-17 1.65933e-17 1.65933e-17 1.65933e-17 1.65933e-17 1.65933e-17 1.65933e-17 1.65933e-17 1.65933e-17 1.65933e-17 1.65933e-17 1.65933e-17 1.65933e-17 1.65933e-17 1.65933e-17 1.65933e-17 1.65933e-17 1.65933e-17 1.65933e-17 1.65933e-17 1.65933e-17 1.65933e-17 
0.0939286	2	2.65417e-17 2.65417e-17 2.65417e-17 2.65417e-17 2.65417e-17 2.65417e-17 2.65417e-17 2.65417e-17 2.65417e-17 2.65417e-17 2.65417e-17 2.65417e-17 2.65417e-17 2.65417e-17 2.65417e-17 2.65417e-17 2.65417e-17 2.65417e-17 2.65417e-17 2.65417e-17 2.65417e-17 2.65417e-17 2.65417e-17 2.65417e-17 2.65417e-17 
0.0939286	3	1.65933e-17 1.65933e-17 1.65933e-17 1.65933e-17 1.65933e-17 1.65933e-17 1.65933e-17 1.65933e-17 1.65933e-17 1.65933e-17 1.65933e-17 1.65933e-17 1.65933e-17 1.65933e-17 1.65933e-17 1.65933e-17 1.65933e-17 1.65933e-17 1.65933e-17 1.65933e-17 1.65933e-17 1.65933e-17 1.65933e-17 1.65933e-17 1.65933e-17 
0.0959286	1	1.65933e-17 1.65933e-17 1.65933e-17 1.65933e-17 1.65933e-17 1.65933e-17 1.65933e-17 1.65933e-17 1.65933e-17 1.65933e-17 1.65933e-17 1.65933e-17 1.65933e-17 1.65933e-17 1.65933e-17 1.65933e-17 1.65933e-17 1.65933e-17 1.65933e-17 1.65933e-17 1.65933e-17 1.65933e-17 1.65933e-17 1.65933e-17 1.65933e-17 
0.0959286	2	2.65417e-17 2.65417e-17 2.65417e-17 2.65417e-17 2.65417e-17 2.65417e-17 2.65417e-17 2.65417e-17 2.65417e-17 2.65417e-17 2.65417e-17 2.65417e-17 2.65417e-17 2.65417e-17 2.65417e-17 2.65417e-17 2.65417e-17 2.65417e-17 2.65417e-17 2.65417e-17 2.65417e-17 2.65417e-17 2.65417e-17 2.65417e-17 2.65417e-17 
0.0959286	3	1.65933e-17 1.65933e-17 1.65933e-17 1.65933e-17 1.65933e-17 1.65933e-17 1.65933e-17 1.65933e-17 1.65933e-17 1.65933e-17 1.65933e-17 1.65933e-17 1.65933e-17 1.65933e-17 1.65933e-17 1.65933e-17 1.65933e-17 1.65933e-17 1.65933e-17 1.65933e-17 1.65933e-17 1.65933e-17 1.65933e-17 1.65933e-17 1.65933e-17 
0.0979286	1	1.65933e-17 1.65933e-17 1.65933e-17 1.65933e-17 1.65933e-17 1.65933e-17 1.65933e-17 1.65933e-17 1.65933e-17 1.65933e-17 1.65933e-17 1.65933e-17 1.65933e-17 1.65933e-17 1.65933e-17 1.65933e-17 1.65933e-17 1.65933e-17 1.65933e-17 1.65933e-17 1.65933e-17 1.65933e-17 1.65933e-17 1.65933e-17 1.65933e-17 
0.0979286	2	2.65417e-17 2.65417e-17 2.65417e-17 2.65417e-17 2.65417e-17 2.65417e-17 2.65417e-17 2.65417e-17 2.65417e-17 2.65417e-17 2.65417e-17 2.65417e-17 2.65417e-17 2.65417e-17 2.65417e-17 2.65417e-17 2.65417e-17 2.65417e-17 2.65417e-17 2.65417e-17 2.65417e-17 2.65417e-17 2.65417e-17 2.65417e-17 2.65417e-17 
0.0979286	3	1.65933e-17 1.65933e-17 1.65933e-17 1.65933e-17 1.65933e-17 1.65933e-17 1.65933e-17 1.65933e-17 1.65933e-17 1.65933e-17 1.65933e-17 1.65933e-17 1.65933e-17 1.65933e-17 1.65933e-17 1.65933e-17 1.65933e-17 1.65933e-17 1.65933e-17 1.65933e-17 1.65933e-17 1.65933e-17 1.65933e-17 1.65933e-17 1.65933e-17 
0.0999286	1	1.65933e-17 1.65933e-17 1.65933e-17 1.65933e-17 1.65933e-17 1.65933e-17 1.65933e-17 1.65933e-17 1.65933e-17 1.65933e-17 1.65933e-17 1.65933e-17 1.65933e-17 1.65933e-17 1.65933e-17 1.65933e-17 1.65933e-17 1.65933e-17 1.65933e-17 1.65933e-17 1.65933e-17 1.65933e-17 1.65933e-17 1.65933e-17 1.65933e-17 
0.0999286	2	2.65417e-17 2.65417e-17 2.65417e-17 2.65417e-17 2.65417e-17 2.65417e-17 2.65417e-17 2.65417e-17 2.65417e-17 2.65417e-17 2.65417e-17 2.65417e-17 2.65417e-17 2.65417e-17 2.65417e-17 2.65417e-17 2.65417e-17 2.65417e-17 2.65417e-17 2.65417e-17 2.65417e-17 2.65417e-17 2.65417e-17 2.65417e-17 2.65417e-17 
0.0999286	3	1.65933e-17 1.65933e-17 1.65933e-17 1.65933e-17 1.65933e-17 1.65933e-17 1.65933e-17 1.65933e-17 1.65933e-17 1.65933e-17 1.65933e-17 1.65933e-17 1.65933e-17 1.65933e-17 1.65933e-17 1.65933e-17 1.65933e-17 1.65933e-17 1.65933e-17 1.65933e-17 1.65933e-17 1.65933e-17 1.65933e-17 1.65933e-17 1.65933e-17 
0.101929	1	1.65933e-17 1.65933e-17 1.65933e-17 1.65933e-17 1.65933e-17 1.65933e-17 1.65933e-17 1.65933e-17 1.65933e-17 1.65933e-17 1.65933e-17 1.65933e-17 1.65933e-17 1.65933e-17 1.65933e-17 1.65933e-17 1.65933e-17 1.65933e-17 1.65933e-17 1.65933e-17 1.65933e-17 1.65933e-17 1.65933e-17 1.65933e-17 1.65933e-17 
0.101929	2	2.65417e-17 2.65417e-17 2.65417e-17 2.65417e-17 2.65417e-17 2.65417e-17 2.65417e-17 2.65417e-17 2.65417e-17 2.65417e-17 2.65417e-17 2.65417e-17 2.65417e-17 2.65417e-17 2.65417e-17 2.65417e-17 2.65417e-17 2.65417e-17 2.65417e-17 2.65417e-17 2.65417e-17 2.65417e-17 2.65417e-17 2.65417e-17 2.65417e-17 
0.101929	3	1.65933e-17 1.65933e-17 1.65933e-17 1.65933e-17 1.65933e-17 1.65933e-17 1.65933e-17 1.65933e-17 1.65933e-17 1.65933e-17 1.65933e-17 1.65933e-17 1.65933e-17 1.65933e-17 1.65933e-17 1.65933e-17 1.65933e-17 1.65933e-17 1.65933e-17 1.65933e-17 1.65933e-17 1.65933e-17 1.65933e-17 1.65933e-17 1.65933e-17 
0.103929	1	1.65933e-17 1.65933e-17 1.65933e-17 1.65933e-17 1.65933e-17 1.65933e-17 1.65933e-17 1.65933e-17 1.65933e-17 1.65933e-17 1.65933e-17 1.65933e-17 1.65933e-17 1.65933e-17 1.65933e-17 1.65933e-17 1.65933e-17 1.65933e-17 1.65933e-17 1.65933e-17 1.65933e-17 1.65933e-17 1.65933e-17 1.65933e-17 1.65933e-17 
0.103929	2	2.65417e-17 2.65417e-17 2.65417e-17 2.65417e-17 2.65417e-17 2.65417e-17 2.65417e-17 2.65417e-17 2.65417e-17 2.65417e-17 2.65417e-17 2.65417e-17 2.65417e-17 2.65417e-17 2.65417e-17 2.65417e-17 2.65417e-17 2.65417e-17 2.65417e-17 2.65417e-17 2.65417e-17 2.65417e-17 2.65417e-17 2.65417e-17 2.65417e-17 
0.103929	3	1.65933e-17 1.65933e-17 1.65933e-17 1.65933e-17 1.65933e-17 1.65933e-17 1.65933e-17 1.65933e-17 1.65933e-17 1.65933e-17 1.65933e-17 1.65933e-17 1.65933e-17 1.65933e-17 1.65933e-17 1.65933e-17 1.65933e-17 1.65933e-17 1.65933e-17 1.65933e-17 1.65933e-17 1.65933e-17 1.65933e-17 1.65933e-17 1.65933e-17 
0.105929	1	1.65933e-17 1.65933e-17 1.65933e-17 1.65933e-17 1.65933e-17 1.65933e-17 1.65933e-17 1.65933e-17 1.65933e-17 1.65933e-17 1.65933e-17 1.65933e-17 1.65933e-17 1.65933e-17 1.65933e-17 1.65933e-17 1.65933e-17 1.65933e-17 1.65933e-17 1.65933e-17 1.65933e-17 1.65933e-17 1.65933e-17 1.65933e-17 1.65933e-17 
0.105929	2	2.65417e-17 2.65417e-17 2.65417e-17 2.65417e-17 2.65417e-17 2.65417e-17 2.65417e-17 2.65417e-17 2.65417e-17 2.65417e-17 2.65417e-17 2.65417e-17 2.65417e-17 2.65417e-17 2.65417e-17 2.65417e-17 2.65417e-17 2.65417e-17 2.65417e-17 2.65417e-17 2.65417e-17 2.65417e-17 2.65417e-17 2.65417e-17 2.65417e-17 
0.105929	3	1.65933e-17 1.65933e-17 1.65933e-17 1.65933e-17 1.65933e-17 1.65933e-17 1.65933e-17 1.65933e-17 1.65933e-17 1.65933e-17 1.65933e-17 1.65933e-17 1.65933e-17 1.65933e-17 1.65933e-17 1.65933e-17 1.65933e-17 1.65933e-17 1.65933e-17 1.65933e-17 1.65933e-17 1.65933e-17 1.65933e-17 1.65933e-17 1.65933e-17 
0.107929	1	1.65933e-17 1.65933e-17 1.65933e-17 1.65933e-17 1.65933e-17 1.65933e-17 1.65933e-17 1.65933e-17 1.65933e-17 1.65933e-17 1.65933e-17 1.65933e-17 1.65933e-17 1.65933e-17 1.65933e-17 1.65933e-17 1.65933e-17 1.65933e-17 1.65933e-17 1.65933e-17 1.65933e-17 1.65933e-17 1.65933e-17 1.65933e-17 1.65933e-17 
0.107929	2	2.65417e-17 2.65417e-17 2.65417e-17 2.65417e-17 2.65417e-17 2.65417e-17 2.65417e-17 2.65417e-17 2.65417e-17 2.65417e-17 2.65417e-17 2.65417e-17 2.65417e-17 2.65417e-17 2.65417e-17 2.65417e-17 2.65417e-17 2.65417e-17 2.65417e-17 2.65417e-17 2.65417e-17 2.65417e-17 2.65417e-17 2.65417e-17 2.65417e-17 
0.107929	3	1.65933e-17 1.65933e-17 1.65933e-17 1.65933e-17 1.65933e-17 1.65933e-17 1.65933e-17 1.65933e-17 1.65933e-17 1.65933e-17 1.65933e-17 1.65933e-17 1.65933e-17 1.65933e-17 1.65933e-17 1.65933e-17 1.65933e-17 1.65933e-17 1.65933e-17 1.65933e-17 1.65933e-17 1.65933e-17 1.65933e-17 1.65933e-17 1.65933e-17 
0.109929	1	1.65933e-17 1.65933e-17 1.65933e-17 1.65933e-17 1.65933e-17 1.65933e-17 1.65933e-17 1.65933e-17 1.65933e-17 1.65933e-17 1.65933e-17 1.65933e-17 1.65933e-17 1.65933e-17 1.65933e-17 1.65933e-17 1.65933e-17 1.65933e-17 1.65933e-17 1.65933e-17 1.65933e-17 1.65933e-17 1.65933e-17 1.65933e-17 1.65933e-17 
0.109929	2	2.65417e-17 2.65417e-17 2.65417e-17 2.65417e-17 2.65417e-17 2.65417e-17 2.65417e-17 2.65417e-17 2.65417e-17 2.65417e-17 2.65417e-17 2.65417e-17 2.65417e-17 2.65417e-17 2.65417e-17 2.65417e-17 2.65417e-17 2.65417e-17 2.65417e-17 2.65417e-17 2.65417e-17 2.65417e-17 2.65417e-17 2.65417e-17 2.65417e-17 
0.109929	3	1.65933e-17 1.65933e-17 1.65933e-17 1.65933e-17 1.65933e-17 1.65933e-17 1.65933e-17 1.65933e-17 1.65933e-17 1.65933e-17 1.65933e-17 1.65933e-17 1.65933e-17 1.65933e-17 1.65933e-17 1.65933e-17 1.65933e-17 1.65933e-17 1.65933e-17 1.65933e-17 1.65933e-17 1.65933e-17 1.65933e-17 1.65933e-17 1.65933e-17 
0.111929	1	1.65933e-17 1.65933e-17 1.65933e-17 1.65933e-17 1.65933e-17 1.65933e-17 1.65933e-17 1.65933e-17 1.65933e-17 1.65933e-17 1.65933e-17 1.65933e-17 1.65933e-17 1.65933e-17 1.65933e-17 1.65933e-17 1.65933e-17 1.65933e-17 1.65933e-17 1.65933e-17 1.65933e-17 1.65933e-17 1.65933e-17 1.65933e-17 1.65933e-17 
0.111929	2	2.65417e-17 2.65417e-17 2.65417e-17 2.65417e-17 2.65417e-17 2.65417e-17 2.65417e-17 2.65417e-17 2.65417e-17 2.65417e-17 2.65417e-17 2.65417e-17 2.65417e-17 2.65417e-17 2.65417e-17 2.65417e-17 2.65417e-17 2.65417e-17 2.65417e-17 2.65417e-17 2.65417e-17 2.65417e-17 2.65417e-17 2.65417e-17 2.65417e-17 
0.111929	3	1.65933e-17 1.65933e-17 1.65933e-17 1.65933e-17 1.65933e-17 1.65933e-17 1.65933e-17 1.65933e-17 1.65933e-17 1.65933e-17 1.65933e-17 1.65933e-17 1.65933e-17 1.65933e-17 1.65933e-17 1.65933e-17 1.65933e-17 1.65933e-17 1.65933e-17 1.65933e-17 1.65933e-17 1.65933e-17 1.65933e-17 1.65933e-17 1.65933e-17 
0.113929	1	1.65933e-17 1.65933e-17 1.65933e-17 1.65933e-17 1.65933e-17 1.65933e-17 1.65933e-17 1.65933e-17 1.65933e-17 1.65933e-17 1.65933e-17 1.65933e-17 1.65933e-17 1.65933e-17 1.65933e-17 1.65933e-17 1.65933e-17 1.65933e-17 1.65933e-17 1.65933e-17 1.65933e-17 1.65933e-17 1.65933e-17 1.65933e-17 1.65933e-17 
0.113929	2	2.65417e-17 2.65417e-17 2.65417e-17 2.65417e-17 2.65417e-17 2.65417e-17 2.65417e-17 2.65417e-17 2.65417e-17 2.65417e-17 2.65417e-17 2.65417e-17 2.65417e-17 2.65417e-17 2.65417e-17 2.65417e-17 2.65417e-17 2.65417e-17 2.65417e-17 2.65417e-17 2.65417e-17 2.65417e-17 2.65417e-17 2.65417e-17 2.65417e-17 
0.113929	3	1.65933e-17 1.65933e-17 1.65933e-17 1.65933e-17 1.65933e-17 1.65933e-17 1.65933e-17 1.65933e-17 1.65933e-17 1.65933e-17 1.65933e-17 1.65933e-17 1.65933e-17 1.65933e-17 1.65933e-17 1.65933e-17 1.65933e-17 1.65933e-17 1.65933e-17 1.65933e-17 1.65933e-17 1.65933e-17 1.65933e-17 1.65933e-17 1.65933e-17 
0.114929	1	1.65933e-17 1.65933e-17 1.65933e-17 1.65933e-17 1.65933e-17 1.65933e-17 1.65933e-17 1.65933e-17 1.65933e-17 1.65933e-17 1.65933e-17 1.65933e-17 1.65933e-17 1.65933e-17 1.65933e-17 1.65933e-17 1.65933e-17 1.65933e-17 1.65933e-17 1.65933e-17 1.65933e-17 1.65933e-17 1.65933e-17 1.65933e-17 1.65933e-17 
0.114929	2	2.65417e-17 2.65417e-17 2.65417e-17 2.65417e-17 2.65417e-17 2.65417e-17 2.65417e-17 2.65417e-17 2.65417e-17 2.65417e-17 2.65417e-17 2.65417e-17 2.65417e-17 2.65417e-17 2.65417e-17 2.65417e-17 2.65417e-17 2.65417e-17 2.65417e-17 2.65417e-17 2.65417e-17 2.65417e-17 2.65417e-17 2.65417e-17 2.65417e-17 
0.114929	3	1.65933e-17 1.65933e-17 1.65933e-17 1.65933e-17 1.65933e-17 1.65933e-17 1.65933e-17 1.65933e-17 1.65933e-17 1.65933e-17 1.65933e-17 1.65933e-17 1.65933e-17 1.65933e-17 1.65933e-17 1.65933e-17 1.65933e-17 1.65933e-17 1.65933e-17 1.65933e-17 1.65933e-17 1.65933e-17 1.65933e-17 1.65933e-17 1.65933e-17 
0.115929	1	1.65933e-17 1.65933e-17 1.65933e-17 1.65933e-17 1.65933e-17 1.65933e-17 1.65933e-17 1.65933e-17 1.65933e-17 1.65933e-17 1.65933e-17 1.65933e-17 1.65933e-17 1.65933e-17 1.65933e-17 1.65933e-17 1.65933e-17 1.65933e-17 1.65933e-17 1.65933e-17 1.65933e-17 1.65933e-17 1.65933e-17 1.65933e-17 1.65933e-17 
0.115929	2	2.65417e-17 2.65417e-17 2.65417e-17 2.65417e-17 2.65417e-17 2.65417e-17 2.65417e-17 2.65417e-17 2.65417e-17 2.65417e-17 2.65417e-17 2.65417e-17 2.65417e-17 2.65417e-17 2.65417e-17 2.65417e-17 2.65417e-17 2.65417e-17 2.65417e-17 2.65417e-17 2.65417e-17 2.65417e-17 2.65417e-17 2.65417e-17 2.65417e-17 
0.115929	3	1.65933e-17 1.65933e-17 1.65933e-17 1.65933e-17 1.65933e-17 1.65933e-17 1.65933e-17 1.65933e-17 1.65933e-17 1.65933e-17 1.65933e-17 1.65933e-17 1.65933e-17 1.65933e-17 1.65933e-17 1.65933e-17 1.65933e-17 1.65933e-17 1.65933e-17 1.65933e-17 1.65933e-17 1.65933e-17 1.65933e-17 1.65933e-17 1.65933e-17 
0.117929	1	1.65933e-17 1.65933e-17 1.65933e-17 1.65933e-17 1.65933e-17 1.65933e-17 1.65933e-17 1.65933e-17 1.65933e-17 1.65933e-17 1.65933e-17 1.65933e-17 1.65933e-17 1.65933e-17 1.65933e-17 1.65933e-17 1.65933e-17 1.65933e-17 1.65933e-17 1.65933e-17 1.65933e-17 1.65933e-17 1.65933e-17 1.65933e-17 1.65933e-17 
0.117929	2	2.65417e-17 2.65417e-17 2.65417e-17 2.65417e-17 2.65417e-17 2.65417e-17 2.65417e-17 2.65417e-17 2.65417e-17 2.65417e-17 2.65417e-17 2.65417e-17 2.65417e-17 2.65417e-17 2.65417e-17 2.65417e-17 2.65417e-17 2.65417e-17 2.65417e-17 2.65417e-17 2.65417e-17 2.65417e-17 2.65417e-17 2.65417e-17 2.65417e-17 
0.117929	3	1.65933e-17 1.65933e-17 1.65933e-17 1.65933e-17 1.65933e-17 1.65933e-17 1.65933e-17 1.65933e-17 1.65933e-17 1.65933e-17 1.65933e-17 1.65933e-17 1.65933e-17 1.65933e-17 1.65933e-17 1.65933e-17 1.65933e-17 1.65933e-17 1.65933e-17 1.65933e-17 1.65933e-17 1.65933e-17 1.65933e-17 1.65933e-17 1.65933e-17 
0.119929	1	1.65933e-17 1.65933e-17 1.65933e-17 1.65933e-17 1.65933e-17 1.65933e-17 1.65933e-17 1.65933e-17 1.65933e-17 1.65933e-17 1.65933e-17 1.65933e-17 1.65933e-17 1.65933e-17 1.65933e-17 1.65933e-17 1.65933e-17 1.65933e-17 1.65933e-17 1.65933e-17 1.65933e-17 1.65933e-17 1.65933e-17 1.65933e-17 1.65933e-17 
0.119929	2	2.65417e-17 2.65417e-17 2.65417e-17 2.65417e-17 2.65417e-17 2.65417e-17 2.65417e-17 2.65417e-17 2.65417e-17 2.65417e-17 2.65417e-17 2.65417e-17 2.65417e-17 2.65417e-17 2.65417e-17 2.65417e-17 2.65417e-17 2.65417e-17 2.65417e-17 2.65417e-17 2.65417e-17 2.65417e-17 2.65417e-17 2.65417e-17 2.65417e-17 
0.119929	3	1.65933e-17 1.65933e-17 1.65933e-17 1.65933e-17 1.65933e-17 1.65933e-17 1.65933e-17 1.65933e-17 1.65933e-17 1.65933e-17 1.65933e-17 1.65933e-17 1.65933e-17 1.65933e-17 1.65933e-17 1.65933e-17 1.65933e-17 1.65933e-17 1.65933e-17 1.65933e-17 1.65933e-17 1.65933e-17 1.65933e-17 1.65933e-17 1.65933e-17 
0.121929	1	1.65933e-17 1.65933e-17 1.65933e-17 1.65933e-17 1.65933e-17 1.65933e-17 1.65933e-17 1.65933e-17 1.65933e-17 1.65933e-17 1.65933e-17 1.65933e-17 1.65933e-17 1.65933e-17 1.65933e-17 1.65933e-17 1.65933e-17 1.65933e-17 1.65933e-17 1.65933e-17 1.65933e-17 1.65933e-17 1.65933e-17 1.65933e-17 1.65933e-17 
0.121929	2	2.65417e-17 2.65417e-17 2.65417e-17 2.65417e-17 2.65417e-17 2.65417e-17 2.65417e-17 2.65417e-17 2.65417e-17 2.65417e-17 2.65417e-17 2.65417e-17 2.65417e-17 2.65417e-17 2.65417e-17 2.65417e-17 2.65417e-17 2.65417e-17 2.65417e-17 2.65417e-17 2.65417e-17 2.65417e-17 2.65417e-17 2.65417e-17 2.65417e-17 
0.121929	3	1.65933e-17 1.65933e-17 1.65933e-17 1.65933e-17 1.65933e-17 1.65933e-17 1.65933e-17 1.65933e-17 1.65933e-17 1.65933e-17 1.65933e-17 1.65933e-17 1.65933e-17 1.65933e-17 1.65933e-17 1.65933e-17 1.65933e-17 1.65933e-17 1.65933e-17 1.65933e-17 1.65933e-17 1.65933e-17 1.65933e-17 1.65933e-17 1.65933e-17 
0.123929	1	1.65933e-17 1.65933e-17 1.65933e-17 1.65933e-17 1.65933e-17 1.65933e-17 1.65933e-17 1.65933e-17 1.65933e-17 1.65933e-17 1.65933e-17 1.65933e-17 1.65933e-17 1.65933e-17 1.65933e-17 1.65933e-17 1.65933e-17 1.65933e-17 1.65933e-17 1.65933e-17 1.65933e-17 1.65933e-17 1.65933e-17 1.65933e-17 1.65933e-17 
0.123929	2	2.65417e-17 2.65417e-17 2.65417e-17 2.65417e-17 2.65417e-17 2.65417e-17 2.65417e-17 2.65417e-17 2.65417e-17 2.65417e-17 2.65417e-17 2.65417e-17 2.65417e-17 2.65417e-17 2.65417e-17 2.65417e-17 2.65417e-17 2.65417e-17 2.65417e-17 2.65417e-17 2.65417e-17 2.65417e-17 2.65417e-17 2.65417e-17 2.65417e-17 
0.123929	3	1.65933e-17 1.65933e-17 1.65933e-17 1.65933e-17 1.65933e-17 1.65933e-17 1.65933e-17 1.65933e-17 1.65933e-17 1.65933e-17 1.65933e-17 1.65933e-17 1.65933e-17 1.65933e-17 1.65933e-17 1.65933e-17 1.65933e-17 1.65933e-17 1.65933e-17 1.65933e-17 1.65933e-17 1.65933e-17 1.65933e-17 1.65933e-17 1.65933e-17 
