% time	cellId	IMSI	RNTI	sinrLinear
0.000999999	1	1	1	1.7093e+11
0.000999999	1	1	1	1.7093e+11
0.000999999	2	2	1	1.07051e+11
0.000999999	2	2	1	1.07051e+11
0.000999999	3	3	1	0.000241681
0.000999999	3	3	1	0.000241681
0.000999999	4	4	1	0.00996612
0.000999999	4	4	1	0.00996612
0.000999999	5	5	1	0.000828261
0.000999999	5	5	1	0.000828261
0.002	2	3	2	0.647333
0.002	2	3	2	0.647333
0.002	1	5	2	0.0322177
0.002	1	5	2	0.0322177
0.003	1	1	1	1.70925e+11
0.003	1	1	1	1.70925e+11
0.003	2	2	1	1.07051e+11
0.003	2	2	1	1.07051e+11
0.003	3	3	1	0.000241681
0.003	3	3	1	0.000241681
0.003	4	4	1	0.00996612
0.003	4	4	1	0.00996612
0.003	5	5	1	0.000828261
0.003	5	5	1	0.000828261
0.004	2	3	2	0.647333
0.004	2	3	2	0.647333
0.004	1	5	2	0.0322166
0.004	1	5	2	0.0322166
0.005	1	1	1	1.70919e+11
0.005	1	1	1	1.70919e+11
0.005	2	2	1	1.07051e+11
0.005	2	2	1	1.07051e+11
0.005	3	3	1	0.000241681
0.005	3	3	1	0.000241681
0.005	4	4	1	0.00996612
0.005	4	4	1	0.00996612
0.005	5	5	1	0.000828261
0.005	5	5	1	0.000828261
0.006	2	3	2	0.647333
0.006	2	3	2	0.647333
0.006	1	5	2	0.0322156
0.006	1	5	2	0.0322156
0.007	1	1	1	1.70914e+11
0.007	1	1	1	1.70914e+11
0.007	2	2	1	1.07051e+11
0.007	2	2	1	1.07051e+11
0.007	3	3	1	0.000241681
0.007	3	3	1	0.000241681
0.007	4	4	1	0.00996612
0.007	4	4	1	0.00996612
0.007	5	5	1	0.000828261
0.007	5	5	1	0.000828261
0.008	2	3	2	0.647333
0.008	2	3	2	0.647333
0.008	1	5	2	0.0322145
0.008	1	5	2	0.0322145
0.009	1	1	1	1.70908e+11
0.009	1	1	1	1.70908e+11
0.009	2	2	1	1.07051e+11
0.009	2	2	1	1.07051e+11
0.009	3	3	1	0.000241681
0.009	3	3	1	0.000241681
0.009	4	4	1	0.00996612
0.009	4	4	1	0.00996612
0.009	5	5	1	0.000828261
0.009	5	5	1	0.000828261
0.01	2	3	2	0.647333
0.01	2	3	2	0.647333
0.01	1	5	2	0.0322135
0.01	1	5	2	0.0322135
0.011	1	1	1	1.70903e+11
0.011	1	1	1	1.70903e+11
0.011	2	2	1	1.07051e+11
0.011	2	2	1	1.07051e+11
0.011	3	3	1	0.000241681
0.011	3	3	1	0.000241681
0.011	4	4	1	0.00996612
0.011	4	4	1	0.00996612
0.011	5	5	1	0.000828261
0.011	5	5	1	0.000828261
0.012	2	3	2	0.647333
0.012	2	3	2	0.647333
0.012	1	5	2	0.0322124
0.012	1	5	2	0.0322124
0.013	1	1	1	1.70897e+11
0.013	1	1	1	1.70897e+11
0.013	2	2	1	1.07051e+11
0.013	2	2	1	1.07051e+11
0.013	3	3	1	0.000241681
0.013	3	3	1	0.000241681
0.013	4	4	1	0.00996612
0.013	4	4	1	0.00996612
0.013	5	5	1	0.000828261
0.013	5	5	1	0.000828261
0.014	2	3	2	0.647333
0.014	2	3	2	0.647333
0.014	1	5	2	0.0322113
0.014	1	5	2	0.0322113
0.015	1	1	1	1.70892e+11
0.015	1	1	1	1.70892e+11
0.015	2	2	1	1.07051e+11
0.015	2	2	1	1.07051e+11
0.015	3	3	1	0.000241681
0.015	3	3	1	0.000241681
0.015	4	4	1	0.00996612
0.015	4	4	1	0.00996612
0.015	5	5	1	0.000828261
0.015	5	5	1	0.000828261
0.016	2	3	2	0.647333
0.016	2	3	2	0.647333
0.016	1	5	2	0.0322103
0.016	1	5	2	0.0322103
0.017	1	1	1	1.70886e+11
0.017	1	1	1	1.70886e+11
0.017	2	2	1	1.07051e+11
0.017	2	2	1	1.07051e+11
0.017	3	3	1	0.000241681
0.017	3	3	1	0.000241681
0.017	4	4	1	0.00996612
0.017	4	4	1	0.00996612
0.017	5	5	1	0.000828261
0.017	5	5	1	0.000828261
0.018	2	3	2	0.647333
0.018	2	3	2	0.647333
0.018	1	5	2	0.0322092
0.018	1	5	2	0.0322092
0.019	1	1	1	1.70881e+11
0.019	1	1	1	1.70881e+11
0.019	2	2	1	1.07051e+11
0.019	2	2	1	1.07051e+11
0.019	3	3	1	0.000241681
0.019	3	3	1	0.000241681
0.019	4	4	1	0.00996612
0.019	4	4	1	0.00996612
0.019	5	5	1	0.000828261
0.019	5	5	1	0.000828261
0.02	2	3	2	0.647333
0.02	2	3	2	0.647333
0.02	1	5	2	0.0322082
0.02	1	5	2	0.0322082
0.021	1	1	1	1.70876e+11
0.021	1	1	1	1.70876e+11
0.021	2	2	1	1.07051e+11
0.021	2	2	1	1.07051e+11
0.021	3	3	1	0.000241681
0.021	3	3	1	0.000241681
0.021	4	4	1	0.00996612
0.021	4	4	1	0.00996612
0.021	5	5	1	0.000828261
0.021	5	5	1	0.000828261
0.022	2	3	2	0.647333
0.022	2	3	2	0.647333
0.022	1	5	2	0.0322071
0.022	1	5	2	0.0322071
0.023	1	1	1	1.7087e+11
0.023	1	1	1	1.7087e+11
0.023	2	2	1	1.07051e+11
0.023	2	2	1	1.07051e+11
0.023	3	3	1	0.000241681
0.023	3	3	1	0.000241681
0.023	4	4	1	0.00996612
0.023	4	4	1	0.00996612
0.023	5	5	1	0.000828261
0.023	5	5	1	0.000828261
0.024	2	3	2	0.647333
0.024	2	3	2	0.647333
0.024	1	5	2	0.0322061
0.024	1	5	2	0.0322061
0.025	1	1	1	1.70865e+11
0.025	1	1	1	1.70865e+11
0.025	2	2	1	1.07051e+11
0.025	2	2	1	1.07051e+11
0.025	3	3	1	0.000241681
0.025	3	3	1	0.000241681
0.025	4	4	1	0.00996612
0.025	4	4	1	0.00996612
0.025	5	5	1	0.000828261
0.025	5	5	1	0.000828261
0.026	2	3	2	0.647333
0.026	2	3	2	0.647333
0.026	1	5	2	0.032205
0.026	1	5	2	0.032205
0.027	1	1	1	1.70859e+11
0.027	1	1	1	1.70859e+11
0.027	2	2	1	1.07051e+11
0.027	2	2	1	1.07051e+11
0.027	3	3	1	0.000241681
0.027	3	3	1	0.000241681
0.027	4	4	1	0.00996612
0.027	4	4	1	0.00996612
0.027	5	5	1	0.000828261
0.027	5	5	1	0.000828261
0.028	2	3	2	0.647333
0.028	2	3	2	0.647333
0.028	1	5	2	0.0322039
0.028	1	5	2	0.0322039
0.029	1	1	1	1.70854e+11
0.029	1	1	1	1.70854e+11
0.029	2	2	1	1.07051e+11
0.029	2	2	1	1.07051e+11
0.029	3	3	1	0.000241681
0.029	3	3	1	0.000241681
0.029	4	4	1	0.00996612
0.029	4	4	1	0.00996612
0.029	5	5	1	0.000828261
0.029	5	5	1	0.000828261
0.03	2	3	2	0.647333
0.03	2	3	2	0.647333
0.03	1	5	2	0.0322029
0.03	1	5	2	0.0322029
0.031	1	1	1	1.70848e+11
0.031	1	1	1	1.70848e+11
0.031	2	2	1	1.07051e+11
0.031	2	2	1	1.07051e+11
0.031	3	3	1	0.000241681
0.031	3	3	1	0.000241681
0.031	4	4	1	0.00996612
0.031	4	4	1	0.00996612
0.031	5	5	1	0.000828261
0.031	5	5	1	0.000828261
0.032	2	3	2	0.647333
0.032	2	3	2	0.647333
0.032	1	5	2	0.0322018
0.032	1	5	2	0.0322018
0.033	1	1	1	1.70843e+11
0.033	1	1	1	1.70843e+11
0.033	2	2	1	1.07051e+11
0.033	2	2	1	1.07051e+11
0.033	3	3	1	0.000241681
0.033	3	3	1	0.000241681
0.033	4	4	1	0.00996612
0.033	4	4	1	0.00996612
0.033	5	5	1	0.000828261
0.033	5	5	1	0.000828261
0.034	2	3	2	0.647333
0.034	2	3	2	0.647333
0.034	1	5	2	0.0322008
0.034	1	5	2	0.0322008
0.035	1	1	1	1.70838e+11
0.035	1	1	1	1.70838e+11
0.035	2	2	1	1.07051e+11
0.035	2	2	1	1.07051e+11
0.035	3	3	1	0.000241681
0.035	3	3	1	0.000241681
0.035	4	4	1	0.00996612
0.035	4	4	1	0.00996612
0.035	5	5	1	0.000828261
0.035	5	5	1	0.000828261
0.036	2	3	2	0.647333
0.036	2	3	2	0.647333
0.036	1	5	2	0.0321997
0.036	1	5	2	0.0321997
0.037	1	1	1	1.70832e+11
0.037	1	1	1	1.70832e+11
0.037	2	2	1	1.07051e+11
0.037	2	2	1	1.07051e+11
0.037	3	3	1	0.000241681
0.037	3	3	1	0.000241681
0.037	4	4	1	0.00996612
0.037	4	4	1	0.00996612
0.037	5	5	1	0.000828261
0.037	5	5	1	0.000828261
0.038	2	3	2	0.647333
0.038	2	3	2	0.647333
0.038	1	5	2	0.0321987
0.038	1	5	2	0.0321987
0.039	1	1	1	1.70827e+11
0.039	1	1	1	1.70827e+11
0.039	2	2	1	1.07051e+11
0.039	2	2	1	1.07051e+11
0.039	3	3	1	0.000241681
0.039	3	3	1	0.000241681
0.039	4	4	1	0.00996612
0.039	4	4	1	0.00996612
0.039	5	5	1	0.000828261
0.039	5	5	1	0.000828261
0.04	2	3	2	0.647333
0.04	2	3	2	0.647333
0.04	1	5	2	0.0321976
0.04	1	5	2	0.0321976
0.041	1	1	1	1.70821e+11
0.041	1	1	1	1.70821e+11
0.041	2	2	1	1.07051e+11
0.041	2	2	1	1.07051e+11
0.041	3	3	1	0.000241681
0.041	3	3	1	0.000241681
0.041	4	4	1	0.00996612
0.041	4	4	1	0.00996612
0.041	5	5	1	0.000828261
0.041	5	5	1	0.000828261
0.042	2	3	2	0.647333
0.042	2	3	2	0.647333
0.042	1	5	2	0.0321965
0.042	1	5	2	0.0321965
0.043	1	1	1	1.70816e+11
0.043	1	1	1	1.70816e+11
0.043	2	2	1	1.07051e+11
0.043	2	2	1	1.07051e+11
0.043	3	3	1	0.000241681
0.043	3	3	1	0.000241681
0.043	4	4	1	0.00996612
0.043	4	4	1	0.00996612
0.043	5	5	1	0.000828261
0.043	5	5	1	0.000828261
0.044	2	3	2	0.647333
0.044	2	3	2	0.647333
0.044	1	5	2	0.0321955
0.044	1	5	2	0.0321955
0.045	1	1	1	1.7081e+11
0.045	1	1	1	1.7081e+11
0.045	2	2	1	1.07051e+11
0.045	2	2	1	1.07051e+11
0.045	3	3	1	0.000241681
0.045	3	3	1	0.000241681
0.045	4	4	1	0.00996612
0.045	4	4	1	0.00996612
0.045	5	5	1	0.000828261
0.045	5	5	1	0.000828261
0.046	2	3	2	0.647333
0.046	2	3	2	0.647333
0.046	1	5	2	0.0321944
0.046	1	5	2	0.0321944
0.047	1	1	1	1.70805e+11
0.047	1	1	1	1.70805e+11
0.047	2	2	1	1.07051e+11
0.047	2	2	1	1.07051e+11
0.047	3	3	1	0.000241681
0.047	3	3	1	0.000241681
0.047	4	4	1	0.00996612
0.047	4	4	1	0.00996612
0.047	5	5	1	0.000828261
0.047	5	5	1	0.000828261
0.048	2	3	2	0.647333
0.048	2	3	2	0.647333
0.048	1	5	2	0.0321934
0.048	1	5	2	0.0321934
0.049	1	1	1	1.708e+11
0.049	1	1	1	1.708e+11
0.049	2	2	1	1.07051e+11
0.049	2	2	1	1.07051e+11
0.049	3	3	1	0.000241681
0.049	3	3	1	0.000241681
0.049	4	4	1	0.00996612
0.049	4	4	1	0.00996612
0.049	5	5	1	0.000828261
0.049	5	5	1	0.000828261
0.05	2	3	2	0.647333
0.05	2	3	2	0.647333
0.05	1	5	2	0.0321923
0.05	1	5	2	0.0321923
0.051	1	1	1	1.70794e+11
0.051	1	1	1	1.70794e+11
0.051	2	2	1	1.07051e+11
0.051	2	2	1	1.07051e+11
0.051	3	3	1	0.000241681
0.051	3	3	1	0.000241681
0.051	4	4	1	0.00996612
0.051	4	4	1	0.00996612
0.051	5	5	1	0.000828261
0.051	5	5	1	0.000828261
0.052	2	3	2	0.647333
0.052	2	3	2	0.647333
0.052	1	5	2	0.0321913
0.052	1	5	2	0.0321913
0.053	1	1	1	1.70789e+11
0.053	1	1	1	1.70789e+11
0.053	2	2	1	1.07051e+11
0.053	2	2	1	1.07051e+11
0.053	3	3	1	0.000241681
0.053	3	3	1	0.000241681
0.053	4	4	1	0.00996612
0.053	4	4	1	0.00996612
0.053	5	5	1	0.000828261
0.053	5	5	1	0.000828261
0.054	2	3	2	0.647333
0.054	2	3	2	0.647333
0.054	1	5	2	0.0321902
0.054	1	5	2	0.0321902
0.055	1	1	1	1.70783e+11
0.055	1	1	1	1.70783e+11
0.055	2	2	1	1.07051e+11
0.055	2	2	1	1.07051e+11
0.055	3	3	1	0.000241681
0.055	3	3	1	0.000241681
0.055	4	4	1	0.00996612
0.055	4	4	1	0.00996612
0.055	5	5	1	0.000828261
0.055	5	5	1	0.000828261
0.056	2	3	2	0.647333
0.056	2	3	2	0.647333
0.056	1	5	2	0.0321891
0.056	1	5	2	0.0321891
0.057	1	1	1	1.70778e+11
0.057	1	1	1	1.70778e+11
0.057	2	2	1	1.07051e+11
0.057	2	2	1	1.07051e+11
0.057	3	3	1	0.000241681
0.057	3	3	1	0.000241681
0.057	4	4	1	0.00996612
0.057	4	4	1	0.00996612
0.057	5	5	1	0.000828261
0.057	5	5	1	0.000828261
0.058	2	3	2	0.647333
0.058	2	3	2	0.647333
0.058	1	5	2	0.0321881
0.058	1	5	2	0.0321881
0.059	1	1	1	1.70772e+11
0.059	1	1	1	1.70772e+11
0.059	2	2	1	1.07051e+11
0.059	2	2	1	1.07051e+11
0.059	3	3	1	0.000241681
0.059	3	3	1	0.000241681
0.059	4	4	1	0.00996612
0.059	4	4	1	0.00996612
0.059	5	5	1	0.000828261
0.059	5	5	1	0.000828261
0.06	2	3	2	0.647333
0.06	2	3	2	0.647333
0.06	1	5	2	0.032187
0.06	1	5	2	0.032187
0.061	1	1	1	1.70767e+11
0.061	1	1	1	1.70767e+11
0.061	2	2	1	1.07051e+11
0.061	2	2	1	1.07051e+11
0.061	3	3	1	0.000241681
0.061	3	3	1	0.000241681
0.061	4	4	1	0.00996612
0.061	4	4	1	0.00996612
0.061	5	5	1	0.000828261
0.061	5	5	1	0.000828261
0.062	2	3	2	0.647333
0.062	2	3	2	0.647333
0.062	1	5	2	0.032186
0.062	1	5	2	0.032186
0.063	1	1	1	1.70762e+11
0.063	1	1	1	1.70762e+11
0.063	2	2	1	1.07051e+11
0.063	2	2	1	1.07051e+11
0.063	3	3	1	0.000241681
0.063	3	3	1	0.000241681
0.063	4	4	1	0.00996612
0.063	4	4	1	0.00996612
0.063	5	5	1	0.000828261
0.063	5	5	1	0.000828261
0.064	2	3	2	0.647333
0.064	2	3	2	0.647333
0.064	1	5	2	0.0321849
0.064	1	5	2	0.0321849
0.065	1	1	1	1.70756e+11
0.065	1	1	1	1.70756e+11
0.065	2	2	1	1.07051e+11
0.065	2	2	1	1.07051e+11
0.065	3	3	1	0.000241681
0.065	3	3	1	0.000241681
0.065	4	4	1	0.00996612
0.065	4	4	1	0.00996612
0.065	5	5	1	0.000828261
0.065	5	5	1	0.000828261
0.066	2	3	2	0.647333
0.066	2	3	2	0.647333
0.066	1	5	2	0.0321839
0.066	1	5	2	0.0321839
0.067	1	1	1	1.70751e+11
0.067	1	1	1	1.70751e+11
0.067	2	2	1	1.07051e+11
0.067	2	2	1	1.07051e+11
0.067	3	3	1	0.000241681
0.067	3	3	1	0.000241681
0.067	4	4	1	0.00996612
0.067	4	4	1	0.00996612
0.067	5	5	1	0.000828261
0.067	5	5	1	0.000828261
0.068	2	3	2	0.647333
0.068	2	3	2	0.647333
0.068	1	5	2	0.0321828
0.068	1	5	2	0.0321828
0.069	1	1	1	1.70745e+11
0.069	1	1	1	1.70745e+11
0.069	2	2	1	1.07051e+11
0.069	2	2	1	1.07051e+11
0.069	3	3	1	0.000241681
0.069	3	3	1	0.000241681
0.069	4	4	1	0.00996612
0.069	4	4	1	0.00996612
0.069	5	5	1	0.000828261
0.069	5	5	1	0.000828261
0.07	2	3	2	0.647333
0.07	2	3	2	0.647333
0.07	1	5	2	0.0321818
0.07	1	5	2	0.0321818
0.071	1	1	1	1.7074e+11
0.071	1	1	1	1.7074e+11
0.071	2	2	1	1.07051e+11
0.071	2	2	1	1.07051e+11
0.071	3	3	1	0.000241681
0.071	3	3	1	0.000241681
0.071	4	4	1	0.00996612
0.071	4	4	1	0.00996612
0.071	5	5	1	0.000828261
0.071	5	5	1	0.000828261
0.072	2	3	2	0.647333
0.072	2	3	2	0.647333
0.072	1	5	2	0.0321807
0.072	1	5	2	0.0321807
0.073	1	1	1	1.70734e+11
0.073	1	1	1	1.70734e+11
0.073	2	2	1	1.07051e+11
0.073	2	2	1	1.07051e+11
0.073	3	3	1	0.000241681
0.073	3	3	1	0.000241681
0.073	4	4	1	0.00996612
0.073	4	4	1	0.00996612
0.073	5	5	1	0.000828261
0.073	5	5	1	0.000828261
0.074	2	3	2	0.647333
0.074	2	3	2	0.647333
0.074	1	5	2	0.0321796
0.074	1	5	2	0.0321796
0.075	1	1	1	1.70729e+11
0.075	1	1	1	1.70729e+11
0.075	2	2	1	1.07051e+11
0.075	2	2	1	1.07051e+11
0.075	3	3	1	0.000241681
0.075	3	3	1	0.000241681
0.075	4	4	1	0.00996612
0.075	4	4	1	0.00996612
0.075	5	5	1	0.000828261
0.075	5	5	1	0.000828261
0.076	2	3	2	0.647333
0.076	2	3	2	0.647333
0.076	1	5	2	0.0321786
0.076	1	5	2	0.0321786
0.077	1	1	1	1.70724e+11
0.077	1	1	1	1.70724e+11
0.077	2	2	1	1.07051e+11
0.077	2	2	1	1.07051e+11
0.077	3	3	1	0.000241681
0.077	3	3	1	0.000241681
0.077	4	4	1	0.00996612
0.077	4	4	1	0.00996612
0.077	5	5	1	0.000828261
0.077	5	5	1	0.000828261
0.078	2	3	2	0.647333
0.078	2	3	2	0.647333
0.078	1	5	2	0.0321775
0.078	1	5	2	0.0321775
0.079	1	1	1	1.70718e+11
0.079	1	1	1	1.70718e+11
0.079	2	2	1	1.07051e+11
0.079	2	2	1	1.07051e+11
0.079	3	3	1	0.000241681
0.079	3	3	1	0.000241681
0.079	4	4	1	0.00996612
0.079	4	4	1	0.00996612
0.079	5	5	1	0.000828261
0.079	5	5	1	0.000828261
0.08	2	3	2	0.647333
0.08	2	3	2	0.647333
0.08	1	5	2	0.0321765
0.08	1	5	2	0.0321765
0.081	1	1	1	1.70713e+11
0.081	1	1	1	1.70713e+11
0.081	2	2	1	1.07051e+11
0.081	2	2	1	1.07051e+11
0.081	3	3	1	0.000241681
0.081	3	3	1	0.000241681
0.081	4	4	1	0.00996612
0.081	4	4	1	0.00996612
0.081	5	5	1	0.000828261
0.081	5	5	1	0.000828261
0.082	2	3	2	0.647333
0.082	2	3	2	0.647333
0.082	1	5	2	0.0321754
0.082	1	5	2	0.0321754
0.083	1	1	1	1.70707e+11
0.083	1	1	1	1.70707e+11
0.083	2	2	1	1.07051e+11
0.083	2	2	1	1.07051e+11
0.083	3	3	1	0.000241681
0.083	3	3	1	0.000241681
0.083	4	4	1	0.00996612
0.083	4	4	1	0.00996612
0.083	5	5	1	0.000828261
0.083	5	5	1	0.000828261
0.084	2	3	2	0.647333
0.084	2	3	2	0.647333
0.084	1	5	2	0.0321744
0.084	1	5	2	0.0321744
0.085	1	1	1	1.70702e+11
0.085	1	1	1	1.70702e+11
0.085	2	2	1	1.07051e+11
0.085	2	2	1	1.07051e+11
0.085	3	3	1	0.000241681
0.085	3	3	1	0.000241681
0.085	4	4	1	0.00996612
0.085	4	4	1	0.00996612
0.085	5	5	1	0.000828261
0.085	5	5	1	0.000828261
0.086	2	3	2	0.647333
0.086	2	3	2	0.647333
0.086	1	5	2	0.0321733
0.086	1	5	2	0.0321733
0.087	1	1	1	1.70696e+11
0.087	1	1	1	1.70696e+11
0.087	2	2	1	1.07051e+11
0.087	2	2	1	1.07051e+11
0.087	3	3	1	0.000241681
0.087	3	3	1	0.000241681
0.087	4	4	1	0.00996612
0.087	4	4	1	0.00996612
0.087	5	5	1	0.000828261
0.087	5	5	1	0.000828261
0.088	2	3	2	0.647333
0.088	2	3	2	0.647333
0.088	1	5	2	0.0321723
0.088	1	5	2	0.0321723
0.089	1	1	1	1.70691e+11
0.089	1	1	1	1.70691e+11
0.089	2	2	1	1.07051e+11
0.089	2	2	1	1.07051e+11
0.089	3	3	1	0.000241681
0.089	3	3	1	0.000241681
0.089	4	4	1	0.00996612
0.089	4	4	1	0.00996612
0.089	5	5	1	0.000828261
0.089	5	5	1	0.000828261
0.09	2	3	2	0.647333
0.09	2	3	2	0.647333
0.09	1	5	2	0.0321712
0.09	1	5	2	0.0321712
0.091	1	1	1	1.70686e+11
0.091	1	1	1	1.70686e+11
0.091	2	2	1	1.07051e+11
0.091	2	2	1	1.07051e+11
0.091	3	3	1	0.000241681
0.091	3	3	1	0.000241681
0.091	4	4	1	0.00996612
0.091	4	4	1	0.00996612
0.091	5	5	1	0.000828261
0.091	5	5	1	0.000828261
0.092	2	3	2	0.647333
0.092	2	3	2	0.647333
0.092	1	5	2	0.0321701
0.092	1	5	2	0.0321701
0.093	1	1	1	1.7068e+11
0.093	1	1	1	1.7068e+11
0.093	2	2	1	1.07051e+11
0.093	2	2	1	1.07051e+11
0.093	3	3	1	0.000241681
0.093	3	3	1	0.000241681
0.093	4	4	1	0.00996612
0.093	4	4	1	0.00996612
0.093	5	5	1	0.000828261
0.093	5	5	1	0.000828261
0.094	2	3	2	0.647333
0.094	2	3	2	0.647333
0.094	1	5	2	0.0321691
0.094	1	5	2	0.0321691
0.095	1	1	1	1.70675e+11
0.095	1	1	1	1.70675e+11
0.095	2	2	1	1.07051e+11
0.095	2	2	1	1.07051e+11
0.095	3	3	1	0.000241681
0.095	3	3	1	0.000241681
0.095	4	4	1	0.00996612
0.095	4	4	1	0.00996612
0.095	5	5	1	0.000828261
0.095	5	5	1	0.000828261
0.096	2	3	2	0.647333
0.096	2	3	2	0.647333
0.096	1	5	2	0.032168
0.096	1	5	2	0.032168
0.097	1	1	1	1.70669e+11
0.097	1	1	1	1.70669e+11
0.097	2	2	1	1.07051e+11
0.097	2	2	1	1.07051e+11
0.097	3	3	1	0.000241681
0.097	3	3	1	0.000241681
0.097	4	4	1	0.00996612
0.097	4	4	1	0.00996612
0.097	5	5	1	0.000828261
0.097	5	5	1	0.000828261
0.098	2	3	2	0.647333
0.098	2	3	2	0.647333
0.098	1	5	2	0.032167
0.098	1	5	2	0.032167
0.099	1	1	1	1.70664e+11
0.099	1	1	1	1.70664e+11
0.099	2	2	1	1.07051e+11
0.099	2	2	1	1.07051e+11
0.099	3	3	1	0.000241681
0.099	3	3	1	0.000241681
0.099	4	4	1	0.00996612
0.099	4	4	1	0.00996612
0.099	5	5	1	0.000828261
0.099	5	5	1	0.000828261
0.1	2	3	2	0.647333
0.1	2	3	2	0.647333
0.1	1	5	2	0.0321659
0.1	1	5	2	0.0321659
0.101	1	1	1	1.70659e+11
0.101	1	1	1	1.70659e+11
0.101	2	2	1	1.07051e+11
0.101	2	2	1	1.07051e+11
0.101	3	3	1	0.000241681
0.101	3	3	1	0.000241681
0.101	4	4	1	0.00996612
0.101	4	4	1	0.00996612
0.101	5	5	1	0.000828261
0.101	5	5	1	0.000828261
0.102	2	3	2	0.647333
0.102	2	3	2	0.647333
0.102	1	5	2	0.0321649
0.102	1	5	2	0.0321649
0.103	1	1	1	1.70653e+11
0.103	1	1	1	1.70653e+11
0.103	2	2	1	1.07051e+11
0.103	2	2	1	1.07051e+11
0.103	3	3	1	0.000241681
0.103	3	3	1	0.000241681
0.103	4	4	1	0.00996612
0.103	4	4	1	0.00996612
0.103	5	5	1	0.000828261
0.103	5	5	1	0.000828261
0.104	2	3	2	0.647333
0.104	2	3	2	0.647333
0.104	1	5	2	0.0321638
0.104	1	5	2	0.0321638
0.105	1	1	1	1.70648e+11
0.105	1	1	1	1.70648e+11
0.105	2	2	1	1.07051e+11
0.105	2	2	1	1.07051e+11
0.105	3	3	1	0.000241681
0.105	3	3	1	0.000241681
0.105	4	4	1	0.00996612
0.105	4	4	1	0.00996612
0.105	5	5	1	0.000828261
0.105	5	5	1	0.000828261
0.106	2	3	2	0.647333
0.106	2	3	2	0.647333
0.106	1	5	2	0.0321628
0.106	1	5	2	0.0321628
0.107	1	1	1	1.70642e+11
0.107	1	1	1	1.70642e+11
0.107	2	2	1	1.07051e+11
0.107	2	2	1	1.07051e+11
0.107	3	3	1	0.000241681
0.107	3	3	1	0.000241681
0.107	4	4	1	0.00996612
0.107	4	4	1	0.00996612
0.107	5	5	1	0.000828261
0.107	5	5	1	0.000828261
0.108	2	3	2	0.647333
0.108	2	3	2	0.647333
0.108	1	5	2	0.0321617
0.108	1	5	2	0.0321617
0.109	1	1	1	1.70637e+11
0.109	1	1	1	1.70637e+11
0.109	2	2	1	1.07051e+11
0.109	2	2	1	1.07051e+11
0.109	3	3	1	0.000241681
0.109	3	3	1	0.000241681
0.109	4	4	1	0.00996612
0.109	4	4	1	0.00996612
0.109	5	5	1	0.000828261
0.109	5	5	1	0.000828261
0.11	2	3	2	0.647333
0.11	2	3	2	0.647333
0.11	1	5	2	0.0321606
0.11	1	5	2	0.0321606
0.111	1	1	1	1.70631e+11
0.111	1	1	1	1.70631e+11
0.111	2	2	1	1.07051e+11
0.111	2	2	1	1.07051e+11
0.111	3	3	1	0.000241681
0.111	3	3	1	0.000241681
0.111	4	4	1	0.00996612
0.111	4	4	1	0.00996612
0.111	5	5	1	0.000828261
0.111	5	5	1	0.000828261
0.112	2	3	2	0.647333
0.112	2	3	2	0.647333
0.112	1	5	2	0.0321596
0.112	1	5	2	0.0321596
0.113	1	1	1	1.70626e+11
0.113	1	1	1	1.70626e+11
0.113	2	2	1	1.07051e+11
0.113	2	2	1	1.07051e+11
0.113	3	3	1	0.000241681
0.113	3	3	1	0.000241681
0.113	4	4	1	0.00996612
0.113	4	4	1	0.00996612
0.113	5	5	1	0.000828261
0.113	5	5	1	0.000828261
0.114	2	3	2	0.647333
0.114	2	3	2	0.647333
0.114	1	5	2	0.0321585
0.114	1	5	2	0.0321585
0.115	1	1	1	1.70621e+11
0.115	1	1	1	1.70621e+11
0.115	2	2	1	1.07051e+11
0.115	2	2	1	1.07051e+11
0.115	3	3	1	0.000241681
0.115	3	3	1	0.000241681
0.115	4	4	1	0.00996612
0.115	4	4	1	0.00996612
0.115	5	5	1	0.000828261
0.115	5	5	1	0.000828261
0.116	2	3	2	0.647333
0.116	2	3	2	0.647333
0.116	1	5	2	0.0321575
0.116	1	5	2	0.0321575
0.117	1	1	1	1.70615e+11
0.117	1	1	1	1.70615e+11
0.117	2	2	1	1.07051e+11
0.117	2	2	1	1.07051e+11
0.117	3	3	1	0.000241681
0.117	3	3	1	0.000241681
0.117	4	4	1	0.00996612
0.117	4	4	1	0.00996612
0.117	5	5	1	0.000828261
0.117	5	5	1	0.000828261
0.118	2	3	2	0.647333
0.118	2	3	2	0.647333
0.118	1	5	2	0.0321564
0.118	1	5	2	0.0321564
0.119	1	1	1	1.7061e+11
0.119	1	1	1	1.7061e+11
0.119	2	2	1	1.07051e+11
0.119	2	2	1	1.07051e+11
0.119	3	3	1	0.000241681
0.119	3	3	1	0.000241681
0.119	4	4	1	0.00996612
0.119	4	4	1	0.00996612
0.119	5	5	1	0.000828261
0.119	5	5	1	0.000828261
0.12	2	3	2	0.647333
0.12	2	3	2	0.647333
0.12	1	5	2	0.0321554
0.12	1	5	2	0.0321554
0.121	1	1	1	1.70604e+11
0.121	1	1	1	1.70604e+11
0.121	2	2	1	1.07051e+11
0.121	2	2	1	1.07051e+11
0.121	3	3	1	0.000241681
0.121	3	3	1	0.000241681
0.121	4	4	1	0.00996612
0.121	4	4	1	0.00996612
0.121	5	5	1	0.000828261
0.121	5	5	1	0.000828261
0.122	2	3	2	0.647333
0.122	2	3	2	0.647333
0.122	1	5	2	0.0321543
0.122	1	5	2	0.0321543
0.123	1	1	1	1.70599e+11
0.123	1	1	1	1.70599e+11
0.123	2	2	1	1.07051e+11
0.123	2	2	1	1.07051e+11
0.123	3	3	1	0.000241681
0.123	3	3	1	0.000241681
0.123	4	4	1	0.00996612
0.123	4	4	1	0.00996612
0.123	5	5	1	0.000828261
0.123	5	5	1	0.000828261
0.124	2	3	2	0.647333
0.124	2	3	2	0.647333
0.124	1	5	2	0.0321533
0.124	1	5	2	0.0321533
0.125	1	1	1	1.70593e+11
0.125	1	1	1	1.70593e+11
0.125	2	2	1	1.07051e+11
0.125	2	2	1	1.07051e+11
0.125	3	3	1	0.000241681
0.125	3	3	1	0.000241681
0.125	4	4	1	0.00996612
0.125	4	4	1	0.00996612
0.125	5	5	1	0.000828261
0.125	5	5	1	0.000828261
0.126	2	3	2	0.647333
0.126	2	3	2	0.647333
0.126	1	5	2	0.0321522
0.126	1	5	2	0.0321522
0.127	1	1	1	1.70588e+11
0.127	1	1	1	1.70588e+11
0.127	2	2	1	1.07051e+11
0.127	2	2	1	1.07051e+11
0.127	3	3	1	0.000241681
0.127	3	3	1	0.000241681
0.127	4	4	1	0.00996612
0.127	4	4	1	0.00996612
0.127	5	5	1	0.000828261
0.127	5	5	1	0.000828261
0.128	2	3	2	0.647333
0.128	2	3	2	0.647333
0.128	1	5	2	0.0321512
0.128	1	5	2	0.0321512
0.129	1	1	1	1.70583e+11
0.129	1	1	1	1.70583e+11
0.129	2	2	1	1.07051e+11
0.129	2	2	1	1.07051e+11
0.129	3	3	1	0.000241681
0.129	3	3	1	0.000241681
0.129	4	4	1	0.00996612
0.129	4	4	1	0.00996612
0.129	5	5	1	0.000828261
0.129	5	5	1	0.000828261
0.13	2	3	2	0.647333
0.13	2	3	2	0.647333
0.13	1	5	2	0.0321501
0.13	1	5	2	0.0321501
0.131	1	1	1	1.70577e+11
0.131	1	1	1	1.70577e+11
0.131	2	2	1	1.07051e+11
0.131	2	2	1	1.07051e+11
0.131	3	3	1	0.000241681
0.131	3	3	1	0.000241681
0.131	4	4	1	0.00996612
0.131	4	4	1	0.00996612
0.131	5	5	1	0.000828261
0.131	5	5	1	0.000828261
0.132	2	3	2	0.647333
0.132	2	3	2	0.647333
0.132	1	5	2	0.0321491
0.132	1	5	2	0.0321491
0.133	1	1	1	1.70572e+11
0.133	1	1	1	1.70572e+11
0.133	2	2	1	1.07051e+11
0.133	2	2	1	1.07051e+11
0.133	3	3	1	0.000241681
0.133	3	3	1	0.000241681
0.133	4	4	1	0.00996612
0.133	4	4	1	0.00996612
0.133	5	5	1	0.000828261
0.133	5	5	1	0.000828261
0.134	2	3	2	0.647333
0.134	2	3	2	0.647333
0.134	1	5	2	0.032148
0.134	1	5	2	0.032148
0.135	1	1	1	1.70566e+11
0.135	1	1	1	1.70566e+11
0.135	2	2	1	1.07051e+11
0.135	2	2	1	1.07051e+11
0.135	3	3	1	0.000241681
0.135	3	3	1	0.000241681
0.135	4	4	1	0.00996612
0.135	4	4	1	0.00996612
0.135	5	5	1	0.000828261
0.135	5	5	1	0.000828261
0.136	2	3	2	0.647333
0.136	2	3	2	0.647333
0.136	1	5	2	0.0321469
0.136	1	5	2	0.0321469
0.137	1	1	1	1.70561e+11
0.137	1	1	1	1.70561e+11
0.137	2	2	1	1.07051e+11
0.137	2	2	1	1.07051e+11
0.137	3	3	1	0.000241681
0.137	3	3	1	0.000241681
0.137	4	4	1	0.00996612
0.137	4	4	1	0.00996612
0.137	5	5	1	0.000828261
0.137	5	5	1	0.000828261
0.138	2	3	2	0.647333
0.138	2	3	2	0.647333
0.138	1	5	2	0.0321459
0.138	1	5	2	0.0321459
0.139	1	1	1	1.70556e+11
0.139	1	1	1	1.70556e+11
0.139	2	2	1	1.07051e+11
0.139	2	2	1	1.07051e+11
0.139	3	3	1	0.000241681
0.139	3	3	1	0.000241681
0.139	4	4	1	0.00996612
0.139	4	4	1	0.00996612
0.139	5	5	1	0.000828261
0.139	5	5	1	0.000828261
0.14	2	3	2	0.647333
0.14	2	3	2	0.647333
0.14	1	5	2	0.0321448
0.14	1	5	2	0.0321448
0.141	1	1	1	1.7055e+11
0.141	1	1	1	1.7055e+11
0.141	2	2	1	1.07051e+11
0.141	2	2	1	1.07051e+11
0.141	3	3	1	0.000241681
0.141	3	3	1	0.000241681
0.141	4	4	1	0.00996612
0.141	4	4	1	0.00996612
0.141	5	5	1	0.000828261
0.141	5	5	1	0.000828261
0.142	2	3	2	0.647333
0.142	2	3	2	0.647333
0.142	1	5	2	0.0321438
0.142	1	5	2	0.0321438
0.143	1	1	1	1.70545e+11
0.143	1	1	1	1.70545e+11
0.143	2	2	1	1.07051e+11
0.143	2	2	1	1.07051e+11
0.143	3	3	1	0.000241681
0.143	3	3	1	0.000241681
0.143	4	4	1	0.00996612
0.143	4	4	1	0.00996612
0.143	5	5	1	0.000828261
0.143	5	5	1	0.000828261
0.144	2	3	2	0.647333
0.144	2	3	2	0.647333
0.144	1	5	2	0.0321427
0.144	1	5	2	0.0321427
0.145	1	1	1	1.70539e+11
0.145	1	1	1	1.70539e+11
0.145	2	2	1	1.07051e+11
0.145	2	2	1	1.07051e+11
0.145	3	3	1	0.000241681
0.145	3	3	1	0.000241681
0.145	4	4	1	0.00996612
0.145	4	4	1	0.00996612
0.145	5	5	1	0.000828261
0.145	5	5	1	0.000828261
0.146	2	3	2	0.647333
0.146	2	3	2	0.647333
0.146	1	5	2	0.0321417
0.146	1	5	2	0.0321417
0.147	1	1	1	1.70534e+11
0.147	1	1	1	1.70534e+11
0.147	2	2	1	1.07051e+11
0.147	2	2	1	1.07051e+11
0.147	3	3	1	0.000241681
0.147	3	3	1	0.000241681
0.147	4	4	1	0.00996612
0.147	4	4	1	0.00996612
0.147	5	5	1	0.000828261
0.147	5	5	1	0.000828261
0.148	2	3	2	0.647333
0.148	2	3	2	0.647333
0.148	1	5	2	0.0321406
0.148	1	5	2	0.0321406
0.149	1	1	1	1.70529e+11
0.149	1	1	1	1.70529e+11
0.149	2	2	1	1.07051e+11
0.149	2	2	1	1.07051e+11
0.149	3	3	1	0.000241681
0.149	3	3	1	0.000241681
0.149	4	4	1	0.00996612
0.149	4	4	1	0.00996612
0.149	5	5	1	0.000828261
0.149	5	5	1	0.000828261
0.15	2	3	2	0.647333
0.15	2	3	2	0.647333
0.15	1	5	2	0.0321396
0.15	1	5	2	0.0321396
0.151	1	1	1	1.70523e+11
0.151	1	1	1	1.70523e+11
0.151	2	2	1	1.07051e+11
0.151	2	2	1	1.07051e+11
0.151	3	3	1	0.000241681
0.151	3	3	1	0.000241681
0.151	4	4	1	0.00996612
0.151	4	4	1	0.00996612
0.151	5	5	1	0.000828261
0.151	5	5	1	0.000828261
0.152	2	3	2	0.647333
0.152	2	3	2	0.647333
0.152	1	5	2	0.0321385
0.152	1	5	2	0.0321385
0.153	1	1	1	1.70518e+11
0.153	1	1	1	1.70518e+11
0.153	2	2	1	1.07051e+11
0.153	2	2	1	1.07051e+11
0.153	3	3	1	0.000241681
0.153	3	3	1	0.000241681
0.153	4	4	1	0.00996612
0.153	4	4	1	0.00996612
0.153	5	5	1	0.000828261
0.153	5	5	1	0.000828261
0.154	2	3	2	0.647333
0.154	2	3	2	0.647333
0.154	1	5	2	0.0321375
0.154	1	5	2	0.0321375
0.155	1	1	1	1.70512e+11
0.155	1	1	1	1.70512e+11
0.155	2	2	1	1.07051e+11
0.155	2	2	1	1.07051e+11
0.155	3	3	1	0.000241681
0.155	3	3	1	0.000241681
0.155	4	4	1	0.00996612
0.155	4	4	1	0.00996612
0.155	5	5	1	0.000828261
0.155	5	5	1	0.000828261
0.156	2	3	2	0.647333
0.156	2	3	2	0.647333
0.156	1	5	2	0.0321364
0.156	1	5	2	0.0321364
0.157	1	1	1	1.70507e+11
0.157	1	1	1	1.70507e+11
0.157	2	2	1	1.07051e+11
0.157	2	2	1	1.07051e+11
0.157	3	3	1	0.000241681
0.157	3	3	1	0.000241681
0.157	4	4	1	0.00996612
0.157	4	4	1	0.00996612
0.157	5	5	1	0.000828261
0.157	5	5	1	0.000828261
0.158	2	3	2	0.647333
0.158	2	3	2	0.647333
0.158	1	5	2	0.0321354
0.158	1	5	2	0.0321354
0.159	1	1	1	1.70501e+11
0.159	1	1	1	1.70501e+11
0.159	2	2	1	1.07051e+11
0.159	2	2	1	1.07051e+11
0.159	3	3	1	0.000241681
0.159	3	3	1	0.000241681
0.159	4	4	1	0.00996612
0.159	4	4	1	0.00996612
0.159	5	5	1	0.000828261
0.159	5	5	1	0.000828261
0.16	2	3	2	0.647333
0.16	2	3	2	0.647333
0.16	1	5	2	0.0321343
0.16	1	5	2	0.0321343
0.161	1	1	1	1.70496e+11
0.161	1	1	1	1.70496e+11
0.161	2	2	1	1.07051e+11
0.161	2	2	1	1.07051e+11
0.161	3	3	1	0.000241681
0.161	3	3	1	0.000241681
0.161	4	4	1	0.00996612
0.161	4	4	1	0.00996612
0.161	5	5	1	0.000828261
0.161	5	5	1	0.000828261
0.162	2	3	2	0.647333
0.162	2	3	2	0.647333
0.162	1	5	2	0.0321333
0.162	1	5	2	0.0321333
0.163	1	1	1	1.70491e+11
0.163	1	1	1	1.70491e+11
0.163	2	2	1	1.07051e+11
0.163	2	2	1	1.07051e+11
0.163	3	3	1	0.000241681
0.163	3	3	1	0.000241681
0.163	4	4	1	0.00996612
0.163	4	4	1	0.00996612
0.163	5	5	1	0.000828261
0.163	5	5	1	0.000828261
0.164	2	3	2	0.647333
0.164	2	3	2	0.647333
0.164	1	5	2	0.0321322
0.164	1	5	2	0.0321322
0.165	1	1	1	1.70485e+11
0.165	1	1	1	1.70485e+11
0.165	2	2	1	1.07051e+11
0.165	2	2	1	1.07051e+11
0.165	3	3	1	0.000241681
0.165	3	3	1	0.000241681
0.165	4	4	1	0.00996612
0.165	4	4	1	0.00996612
0.165	5	5	1	0.000828261
0.165	5	5	1	0.000828261
0.166	2	3	2	0.647333
0.166	2	3	2	0.647333
0.166	1	5	2	0.0321311
0.166	1	5	2	0.0321311
0.167	1	1	1	1.7048e+11
0.167	1	1	1	1.7048e+11
0.167	2	2	1	1.07051e+11
0.167	2	2	1	1.07051e+11
0.167	3	3	1	0.000241681
0.167	3	3	1	0.000241681
0.167	4	4	1	0.00996612
0.167	4	4	1	0.00996612
0.167	5	5	1	0.000828261
0.167	5	5	1	0.000828261
0.168	2	3	2	0.647333
0.168	2	3	2	0.647333
0.168	1	5	2	0.0321301
0.168	1	5	2	0.0321301
0.169	1	1	1	1.70474e+11
0.169	1	1	1	1.70474e+11
0.169	2	2	1	1.07051e+11
0.169	2	2	1	1.07051e+11
0.169	3	3	1	0.000241681
0.169	3	3	1	0.000241681
0.169	4	4	1	0.00996612
0.169	4	4	1	0.00996612
0.169	5	5	1	0.000828261
0.169	5	5	1	0.000828261
0.17	2	3	2	0.647333
0.17	2	3	2	0.647333
0.17	1	5	2	0.032129
0.17	1	5	2	0.032129
0.171	1	1	1	1.70469e+11
0.171	1	1	1	1.70469e+11
0.171	2	2	1	1.07051e+11
0.171	2	2	1	1.07051e+11
0.171	3	3	1	0.000241681
0.171	3	3	1	0.000241681
0.171	4	4	1	0.00996612
0.171	4	4	1	0.00996612
0.171	5	5	1	0.000828261
0.171	5	5	1	0.000828261
0.172	2	3	2	0.647333
0.172	2	3	2	0.647333
0.172	1	5	2	0.032128
0.172	1	5	2	0.032128
0.173	1	1	1	1.70464e+11
0.173	1	1	1	1.70464e+11
0.173	2	2	1	1.07051e+11
0.173	2	2	1	1.07051e+11
0.173	3	3	1	0.000241681
0.173	3	3	1	0.000241681
0.173	4	4	1	0.00996612
0.173	4	4	1	0.00996612
0.173	5	5	1	0.000828261
0.173	5	5	1	0.000828261
0.174	2	3	2	0.647333
0.174	2	3	2	0.647333
0.174	1	5	2	0.0321269
0.174	1	5	2	0.0321269
0.175	1	1	1	1.70458e+11
0.175	1	1	1	1.70458e+11
0.175	2	2	1	1.07051e+11
0.175	2	2	1	1.07051e+11
0.175	3	3	1	0.000241681
0.175	3	3	1	0.000241681
0.175	4	4	1	0.00996612
0.175	4	4	1	0.00996612
0.175	5	5	1	0.000828261
0.175	5	5	1	0.000828261
0.176	2	3	2	0.647333
0.176	2	3	2	0.647333
0.176	1	5	2	0.0321259
0.176	1	5	2	0.0321259
0.177	1	1	1	1.70453e+11
0.177	1	1	1	1.70453e+11
0.177	2	2	1	1.07051e+11
0.177	2	2	1	1.07051e+11
0.177	3	3	1	0.000241681
0.177	3	3	1	0.000241681
0.177	4	4	1	0.00996612
0.177	4	4	1	0.00996612
0.177	5	5	1	0.000828261
0.177	5	5	1	0.000828261
0.178	2	3	2	0.647333
0.178	2	3	2	0.647333
0.178	1	5	2	0.0321248
0.178	1	5	2	0.0321248
0.179	1	1	1	1.70447e+11
0.179	1	1	1	1.70447e+11
0.179	2	2	1	1.07051e+11
0.179	2	2	1	1.07051e+11
0.179	3	3	1	0.000241681
0.179	3	3	1	0.000241681
0.179	4	4	1	0.00996612
0.179	4	4	1	0.00996612
0.179	5	5	1	0.000828261
0.179	5	5	1	0.000828261
0.18	2	3	2	0.647333
0.18	2	3	2	0.647333
0.18	1	5	2	0.0321238
0.18	1	5	2	0.0321238
0.181	1	1	1	1.70442e+11
0.181	1	1	1	1.70442e+11
0.181	2	2	1	1.07051e+11
0.181	2	2	1	1.07051e+11
0.181	3	3	1	0.000241681
0.181	3	3	1	0.000241681
0.181	4	4	1	0.00996612
0.181	4	4	1	0.00996612
0.181	5	5	1	0.000828261
0.181	5	5	1	0.000828261
0.182	2	3	2	0.647333
0.182	2	3	2	0.647333
0.182	1	5	2	0.0321227
0.182	1	5	2	0.0321227
0.183	1	1	1	1.70437e+11
0.183	1	1	1	1.70437e+11
0.183	2	2	1	1.07051e+11
0.183	2	2	1	1.07051e+11
0.183	3	3	1	0.000241681
0.183	3	3	1	0.000241681
0.183	4	4	1	0.00996612
0.183	4	4	1	0.00996612
0.183	5	5	1	0.000828261
0.183	5	5	1	0.000828261
0.184	2	3	2	0.647333
0.184	2	3	2	0.647333
0.184	1	5	2	0.0321217
0.184	1	5	2	0.0321217
0.185	1	1	1	1.70431e+11
0.185	1	1	1	1.70431e+11
0.185	2	2	1	1.07051e+11
0.185	2	2	1	1.07051e+11
0.185	3	3	1	0.000241681
0.185	3	3	1	0.000241681
0.185	4	4	1	0.00996612
0.185	4	4	1	0.00996612
0.185	5	5	1	0.000828261
0.185	5	5	1	0.000828261
0.186	2	3	2	0.647333
0.186	2	3	2	0.647333
0.186	1	5	2	0.0321206
0.186	1	5	2	0.0321206
0.187	1	1	1	1.70426e+11
0.187	1	1	1	1.70426e+11
0.187	2	2	1	1.07051e+11
0.187	2	2	1	1.07051e+11
0.187	3	3	1	0.000241681
0.187	3	3	1	0.000241681
0.187	4	4	1	0.00996612
0.187	4	4	1	0.00996612
0.187	5	5	1	0.000828261
0.187	5	5	1	0.000828261
0.188	2	3	2	0.647333
0.188	2	3	2	0.647333
0.188	1	5	2	0.0321196
0.188	1	5	2	0.0321196
0.189	1	1	1	1.7042e+11
0.189	1	1	1	1.7042e+11
0.189	2	2	1	1.07051e+11
0.189	2	2	1	1.07051e+11
0.189	3	3	1	0.000241681
0.189	3	3	1	0.000241681
0.189	4	4	1	0.00996612
0.189	4	4	1	0.00996612
0.189	5	5	1	0.000828261
0.189	5	5	1	0.000828261
0.19	2	3	2	0.647333
0.19	2	3	2	0.647333
0.19	1	5	2	0.0321185
0.19	1	5	2	0.0321185
0.191	1	1	1	1.70415e+11
0.191	1	1	1	1.70415e+11
0.191	2	2	1	1.07051e+11
0.191	2	2	1	1.07051e+11
0.191	3	3	1	0.000241681
0.191	3	3	1	0.000241681
0.191	4	4	1	0.00996612
0.191	4	4	1	0.00996612
0.191	5	5	1	0.000828261
0.191	5	5	1	0.000828261
0.192	2	3	2	0.647333
0.192	2	3	2	0.647333
0.192	1	5	2	0.0321175
0.192	1	5	2	0.0321175
0.193	1	1	1	1.7041e+11
0.193	1	1	1	1.7041e+11
0.193	2	2	1	1.07051e+11
0.193	2	2	1	1.07051e+11
0.193	3	3	1	0.000241681
0.193	3	3	1	0.000241681
0.193	4	4	1	0.00996612
0.193	4	4	1	0.00996612
0.193	5	5	1	0.000828261
0.193	5	5	1	0.000828261
0.194	2	3	2	0.647333
0.194	2	3	2	0.647333
0.194	1	5	2	0.0321164
0.194	1	5	2	0.0321164
0.195	1	1	1	1.70404e+11
0.195	1	1	1	1.70404e+11
0.195	2	2	1	1.07051e+11
0.195	2	2	1	1.07051e+11
0.195	3	3	1	0.000241681
0.195	3	3	1	0.000241681
0.195	4	4	1	0.00996612
0.195	4	4	1	0.00996612
0.195	5	5	1	0.000828261
0.195	5	5	1	0.000828261
0.196	2	3	2	0.647333
0.196	2	3	2	0.647333
0.196	1	5	2	0.0321154
0.196	1	5	2	0.0321154
0.197	1	1	1	1.70399e+11
0.197	1	1	1	1.70399e+11
0.197	2	2	1	1.07051e+11
0.197	2	2	1	1.07051e+11
0.197	3	3	1	0.000241681
0.197	3	3	1	0.000241681
0.197	4	4	1	0.00996612
0.197	4	4	1	0.00996612
0.197	5	5	1	0.000828261
0.197	5	5	1	0.000828261
0.198	2	3	2	0.647333
0.198	2	3	2	0.647333
0.198	1	5	2	0.0321143
0.198	1	5	2	0.0321143
0.199	1	1	1	1.70393e+11
0.199	1	1	1	1.70393e+11
0.199	2	2	1	1.07051e+11
0.199	2	2	1	1.07051e+11
0.199	3	3	1	0.000241681
0.199	3	3	1	0.000241681
0.199	4	4	1	0.00996612
0.199	4	4	1	0.00996612
0.199	5	5	1	0.000828261
0.199	5	5	1	0.000828261
