1 9 1.22363
1 13 0.561627
1 20 1.00423
1 34 0.662843
1 69 0.269131
1 83 0.460843
1 159 0.191969
1 192 0.807915
1 214 0.341361
1 242 0.500355
1 250 2.83243
1 258 0.787128
2 12 1.21929
2 31 3.75915
2 35 0.670967
2 48 0.2762
2 80 31.1797
2 86 165.777
2 93 0.277958
2 127 1.30973
2 141 4.28586
2 177 3.5455
2 180 0.851164
2 181 0.579008
3 78 0.292336
3 85 0.0729177
3 87 0.469716
3 96 0.397158
3 105 2.20521
3 121 0.332278
3 139 0.512271
3 169 1.08637
3 178 0.23842
3 184 0.78486
3 221 1.11868
3 279 2.41035
3 331 10.5228
3 378 0.995723
3 419 1.53287
3 469 0.509377
4 19 0.464973
4 68 0.434823
4 92 0.67708
4 156 2.01973
4 227 0.169782
4 249 5.7966
4 290 0.292947
4 397 6.75778
4 427 2.08393
4 434 0.546215
4 520 0.380493
4 535 1.38268
5 4 0.210375
5 39 202.092
5 45 0.13282
5 53 3.93793
5 74 0.130537
5 97 0.377792
5 100 0.337054
5 109 3.65612
5 126 0.42363
5 158 2.64651
5 197 9.47046
5 217 9.88854
6 32 0.886213
6 47 0.462016
6 136 59.0744
6 138 9.0062
6 167 0.997288
6 194 10.1964
6 222 28.597
6 247 4.01816
6 248 1.22487
6 251 30.8935
6 255 0.626429
6 363 1.54813
6 375 1.18535
7 28 1.4433
7 29 0.906427
7 30 2.50412
7 49 1.50997
7 52 3.19259
7 55 8.34414
7 61 0.793073
7 64 13.7299
7 65 0.0986309
7 79 0.438425
7 90 0.432262
7 98 3.76292
8 1 15.4501
8 6 0.115012
8 22 100.955
8 36 0.625236
8 42 3.26029
8 54 0.656915
8 56 0.130392
8 95 0.307854
8 107 205.734
8 117 2.58586
8 152 0.165889
8 166 1.33131
9 26 2.35634
9 108 0.475328
9 148 2.59401
9 155 0.662425
9 170 0.593082
9 188 138.546
9 209 0.250957
9 230 0.265633
9 235 413.592
9 246 0.463534
9 291 1.87045
9 295 0.467494
10 43 1.48466
10 46 0.248982
10 76 1.6243
10 82 0.196763
10 111 3.10693
10 114 3.00404
10 135 2.20948
10 137 1.009
10 150 0.326366
10 160 2.36477
10 175 1.03536
10 213 0.174289
11 3 0.174776
11 17 12.3109
11 41 0.241458
11 50 0.141071
11 58 1.14351
11 84 0.622981
11 101 0.711644
11 128 0.372484
11 161 0.809477
11 186 0.513351
11 323 0.513739
11 338 0.18396
11 369 0.114164
12 11 12.9327
12 44 0.0847325
12 51 0.746271
12 57 0.25269
12 115 0.324779
12 118 0.453511
12 119 2.0955
12 124 0.179216
12 133 0.463679
12 134 3.32325
12 142 3.38868
12 151 4.96203
13 15 0.466721
13 16 0.242584
13 21 0.412895
13 62 2.37264
13 81 1.82596
13 88 0.906736
13 99 0.232861
13 122 37.3128
13 129 1.1321
13 146 0.772229
13 173 0.992842
13 174 0.280584
13 183 0.0556543
13 200 0.56588
14 18 0.205226
14 24 0.32407
14 27 0.245151
14 59 0.471682
14 71 1.72622
14 72 0.337761
14 75 0.583574
14 106 0.252142
14 125 0.39574
14 145 2.2578
14 168 0.722371
14 219 1.37824
14 252 0.304507
14 334 7.53798
15 10 0.392651
15 33 1.513
15 37 0.549901
15 60 1.95536
15 91 1.24953
15 102 4.66761
15 123 2.72756
15 130 16.0042
15 144 9.04297
15 190 4.50577
15 212 0.281639
15 313 2.92874
16 14 0.626614
16 66 0.425222
16 94 0.117565
16 185 0.614278
16 189 0.535655
16 232 0.305012
16 244 1.14166
16 308 0.36745
16 321 0.287198
16 327 0.4721
16 336 43.544
16 342 587.977
17 132 0.188719
17 140 18.4718
17 147 3.86504
17 153 2.37921
17 204 7.3729
17 207 598.245
17 225 0.285565
17 234 0.525191
17 239 0.307073
17 253 1.51735
17 261 0.0329959
17 263 52.7684
19 2 0.532093
19 7 1.3029
19 23 232.022
19 38 0.168945
19 73 0.35651
19 104 17.9734
19 149 0.708441
19 157 0.465051
19 164 25.5464
19 179 0.476989
19 187 0.133229
19 199 0.402546
19 201 52.041
19 264 0.513462
20 5 0.196518
20 8 2.05002
20 25 7.65843
20 40 5.96074
20 70 9.37067
20 77 19.6925
20 110 2.62595
20 112 2.05922
20 120 0.270545
20 131 4.78964
20 165 2.18363
20 191 0.264947
21 63 0.181275
21 67 86.7908
21 89 0.884339
21 113 1.81098
21 163 5.40645
21 193 2.68106
21 224 0.561119
21 241 61.2384
21 256 28.747
21 260 12.0631
21 273 20.4864
21 345 2.89783
