% time	cellId	Interference
0.0319286	1	1.25893e-20 1.25893e-20 1.25893e-20 1.25893e-20 1.25893e-20 1.25893e-20 1.25893e-20 1.25893e-20 1.25893e-20 1.25893e-20 1.25893e-20 1.25893e-20 1.25893e-20 1.25893e-20 1.25893e-20 1.25893e-20 1.25893e-20 1.25893e-20 1.25893e-20 1.25893e-20 1.25893e-20 1.25893e-20 1.25893e-20 1.25893e-20 1.25893e-20 1.25893e-20 1.25893e-20 1.25893e-20 1.25893e-20 1.25893e-20 1.25893e-20 1.25893e-20 1.25893e-20 1.25893e-20 1.25893e-20 1.25893e-20 1.25893e-20 1.25893e-20 1.25893e-20 1.25893e-20 1.25893e-20 1.25893e-20 1.25893e-20 1.25893e-20 1.25893e-20 1.25893e-20 1.25893e-20 1.25893e-20 1.25893e-20 1.25893e-20 
0.0319286	1	1.25893e-20 1.25893e-20 1.25893e-20 1.25893e-20 1.25893e-20 1.25893e-20 1.25893e-20 1.25893e-20 1.25893e-20 1.25893e-20 1.25893e-20 1.25893e-20 1.25893e-20 1.25893e-20 1.25893e-20 1.25893e-20 1.25893e-20 1.25893e-20 1.25893e-20 1.25893e-20 1.25893e-20 1.25893e-20 1.25893e-20 1.25893e-20 1.25893e-20 1.25893e-20 1.25893e-20 1.25893e-20 1.25893e-20 1.25893e-20 1.25893e-20 1.25893e-20 1.25893e-20 1.25893e-20 1.25893e-20 1.25893e-20 1.25893e-20 1.25893e-20 1.25893e-20 1.25893e-20 1.25893e-20 1.25893e-20 1.25893e-20 1.25893e-20 1.25893e-20 1.25893e-20 1.25893e-20 1.25893e-20 1.25893e-20 1.25893e-20 
0.0329286	1	1.25893e-20 1.25893e-20 1.25893e-20 1.25893e-20 1.25893e-20 1.25893e-20 1.25893e-20 1.25893e-20 1.25893e-20 1.25893e-20 1.25893e-20 1.25893e-20 1.25893e-20 1.25893e-20 1.25893e-20 1.25893e-20 1.25893e-20 1.25893e-20 1.25893e-20 1.25893e-20 1.25893e-20 1.25893e-20 1.25893e-20 1.25893e-20 1.25893e-20 1.25893e-20 1.25893e-20 1.25893e-20 1.25893e-20 1.25893e-20 1.25893e-20 1.25893e-20 1.25893e-20 1.25893e-20 1.25893e-20 1.25893e-20 1.25893e-20 1.25893e-20 1.25893e-20 1.25893e-20 1.25893e-20 1.25893e-20 1.25893e-20 1.25893e-20 1.25893e-20 1.25893e-20 1.25893e-20 1.25893e-20 1.25893e-20 1.25893e-20 
0.0329286	1	1.25893e-20 1.25893e-20 1.25893e-20 1.25893e-20 1.25893e-20 1.25893e-20 1.25893e-20 1.25893e-20 1.25893e-20 1.25893e-20 1.25893e-20 1.25893e-20 1.25893e-20 1.25893e-20 1.25893e-20 1.25893e-20 1.25893e-20 1.25893e-20 1.25893e-20 1.25893e-20 1.25893e-20 1.25893e-20 1.25893e-20 1.25893e-20 1.25893e-20 1.25893e-20 1.25893e-20 1.25893e-20 1.25893e-20 1.25893e-20 1.25893e-20 1.25893e-20 1.25893e-20 1.25893e-20 1.25893e-20 1.25893e-20 1.25893e-20 1.25893e-20 1.25893e-20 1.25893e-20 1.25893e-20 1.25893e-20 1.25893e-20 1.25893e-20 1.25893e-20 1.25893e-20 1.25893e-20 1.25893e-20 1.25893e-20 1.25893e-20 
0.0339286	1	1.25893e-20 1.25893e-20 1.25893e-20 1.25893e-20 1.25893e-20 1.25893e-20 1.25893e-20 1.25893e-20 1.25893e-20 1.25893e-20 1.25893e-20 1.25893e-20 1.25893e-20 1.25893e-20 1.25893e-20 1.25893e-20 1.25893e-20 1.25893e-20 1.25893e-20 1.25893e-20 1.25893e-20 1.25893e-20 1.25893e-20 1.25893e-20 1.25893e-20 1.25893e-20 1.25893e-20 1.25893e-20 1.25893e-20 1.25893e-20 1.25893e-20 1.25893e-20 1.25893e-20 1.25893e-20 1.25893e-20 1.25893e-20 1.25893e-20 1.25893e-20 1.25893e-20 1.25893e-20 1.25893e-20 1.25893e-20 1.25893e-20 1.25893e-20 1.25893e-20 1.25893e-20 1.25893e-20 1.25893e-20 1.25893e-20 1.25893e-20 
0.0339286	1	1.25893e-20 1.25893e-20 1.25893e-20 1.25893e-20 1.25893e-20 1.25893e-20 1.25893e-20 1.25893e-20 1.25893e-20 1.25893e-20 1.25893e-20 1.25893e-20 1.25893e-20 1.25893e-20 1.25893e-20 1.25893e-20 1.25893e-20 1.25893e-20 1.25893e-20 1.25893e-20 1.25893e-20 1.25893e-20 1.25893e-20 1.25893e-20 1.25893e-20 1.25893e-20 1.25893e-20 1.25893e-20 1.25893e-20 1.25893e-20 1.25893e-20 1.25893e-20 1.25893e-20 1.25893e-20 1.25893e-20 1.25893e-20 1.25893e-20 1.25893e-20 1.25893e-20 1.25893e-20 1.25893e-20 1.25893e-20 1.25893e-20 1.25893e-20 1.25893e-20 1.25893e-20 1.25893e-20 1.25893e-20 1.25893e-20 1.25893e-20 
0.0349286	1	1.25893e-20 1.25893e-20 1.25893e-20 1.25893e-20 1.25893e-20 1.25893e-20 1.25893e-20 1.25893e-20 1.25893e-20 1.25893e-20 1.25893e-20 1.25893e-20 1.25893e-20 1.25893e-20 1.25893e-20 1.25893e-20 1.25893e-20 1.25893e-20 1.25893e-20 1.25893e-20 1.25893e-20 1.25893e-20 1.25893e-20 1.25893e-20 1.25893e-20 1.25893e-20 1.25893e-20 1.25893e-20 1.25893e-20 1.25893e-20 1.25893e-20 1.25893e-20 1.25893e-20 1.25893e-20 1.25893e-20 1.25893e-20 1.25893e-20 1.25893e-20 1.25893e-20 1.25893e-20 1.25893e-20 1.25893e-20 1.25893e-20 1.25893e-20 1.25893e-20 1.25893e-20 1.25893e-20 1.25893e-20 1.25893e-20 1.25893e-20 
0.0349286	1	1.25893e-20 1.25893e-20 1.25893e-20 1.25893e-20 1.25893e-20 1.25893e-20 1.25893e-20 1.25893e-20 1.25893e-20 1.25893e-20 1.25893e-20 1.25893e-20 1.25893e-20 1.25893e-20 1.25893e-20 1.25893e-20 1.25893e-20 1.25893e-20 1.25893e-20 1.25893e-20 1.25893e-20 1.25893e-20 1.25893e-20 1.25893e-20 1.25893e-20 1.25893e-20 1.25893e-20 1.25893e-20 1.25893e-20 1.25893e-20 1.25893e-20 1.25893e-20 1.25893e-20 1.25893e-20 1.25893e-20 1.25893e-20 1.25893e-20 1.25893e-20 1.25893e-20 1.25893e-20 1.25893e-20 1.25893e-20 1.25893e-20 1.25893e-20 1.25893e-20 1.25893e-20 1.25893e-20 1.25893e-20 1.25893e-20 1.25893e-20 
0.0359286	1	1.25893e-20 1.25893e-20 1.25893e-20 1.25893e-20 1.25893e-20 1.25893e-20 1.25893e-20 1.25893e-20 1.25893e-20 1.25893e-20 1.25893e-20 1.25893e-20 1.25893e-20 1.25893e-20 1.25893e-20 1.25893e-20 1.25893e-20 1.25893e-20 1.25893e-20 1.25893e-20 1.25893e-20 1.25893e-20 1.25893e-20 1.25893e-20 1.25893e-20 1.25893e-20 1.25893e-20 1.25893e-20 1.25893e-20 1.25893e-20 1.25893e-20 1.25893e-20 1.25893e-20 1.25893e-20 1.25893e-20 1.25893e-20 1.25893e-20 1.25893e-20 1.25893e-20 1.25893e-20 1.25893e-20 1.25893e-20 1.25893e-20 1.25893e-20 1.25893e-20 1.25893e-20 1.25893e-20 1.25893e-20 1.25893e-20 1.25893e-20 
0.0359286	1	1.25893e-20 1.25893e-20 1.25893e-20 1.25893e-20 1.25893e-20 1.25893e-20 1.25893e-20 1.25893e-20 1.25893e-20 1.25893e-20 1.25893e-20 1.25893e-20 1.25893e-20 1.25893e-20 1.25893e-20 1.25893e-20 1.25893e-20 1.25893e-20 1.25893e-20 1.25893e-20 1.25893e-20 1.25893e-20 1.25893e-20 1.25893e-20 1.25893e-20 1.25893e-20 1.25893e-20 1.25893e-20 1.25893e-20 1.25893e-20 1.25893e-20 1.25893e-20 1.25893e-20 1.25893e-20 1.25893e-20 1.25893e-20 1.25893e-20 1.25893e-20 1.25893e-20 1.25893e-20 1.25893e-20 1.25893e-20 1.25893e-20 1.25893e-20 1.25893e-20 1.25893e-20 1.25893e-20 1.25893e-20 1.25893e-20 1.25893e-20 
0.0369286	1	1.25893e-20 1.25893e-20 1.25893e-20 1.25893e-20 1.25893e-20 1.25893e-20 1.25893e-20 1.25893e-20 1.25893e-20 1.25893e-20 1.25893e-20 1.25893e-20 1.25893e-20 1.25893e-20 1.25893e-20 1.25893e-20 1.25893e-20 1.25893e-20 1.25893e-20 1.25893e-20 1.25893e-20 1.25893e-20 1.25893e-20 1.25893e-20 1.25893e-20 1.25893e-20 1.25893e-20 1.25893e-20 1.25893e-20 1.25893e-20 1.25893e-20 1.25893e-20 1.25893e-20 1.25893e-20 1.25893e-20 1.25893e-20 1.25893e-20 1.25893e-20 1.25893e-20 1.25893e-20 1.25893e-20 1.25893e-20 1.25893e-20 1.25893e-20 1.25893e-20 1.25893e-20 1.25893e-20 1.25893e-20 1.25893e-20 1.25893e-20 
0.0369286	1	1.25893e-20 1.25893e-20 1.25893e-20 1.25893e-20 1.25893e-20 1.25893e-20 1.25893e-20 1.25893e-20 1.25893e-20 1.25893e-20 1.25893e-20 1.25893e-20 1.25893e-20 1.25893e-20 1.25893e-20 1.25893e-20 1.25893e-20 1.25893e-20 1.25893e-20 1.25893e-20 1.25893e-20 1.25893e-20 1.25893e-20 1.25893e-20 1.25893e-20 1.25893e-20 1.25893e-20 1.25893e-20 1.25893e-20 1.25893e-20 1.25893e-20 1.25893e-20 1.25893e-20 1.25893e-20 1.25893e-20 1.25893e-20 1.25893e-20 1.25893e-20 1.25893e-20 1.25893e-20 1.25893e-20 1.25893e-20 1.25893e-20 1.25893e-20 1.25893e-20 1.25893e-20 1.25893e-20 1.25893e-20 1.25893e-20 1.25893e-20 
0.0379286	1	1.25893e-20 1.25893e-20 1.25893e-20 1.25893e-20 1.25893e-20 1.25893e-20 1.25893e-20 1.25893e-20 1.25893e-20 1.25893e-20 1.25893e-20 1.25893e-20 1.25893e-20 1.25893e-20 1.25893e-20 1.25893e-20 1.25893e-20 1.25893e-20 1.25893e-20 1.25893e-20 1.25893e-20 1.25893e-20 1.25893e-20 1.25893e-20 1.25893e-20 1.25893e-20 1.25893e-20 1.25893e-20 1.25893e-20 1.25893e-20 1.25893e-20 1.25893e-20 1.25893e-20 1.25893e-20 1.25893e-20 1.25893e-20 1.25893e-20 1.25893e-20 1.25893e-20 1.25893e-20 1.25893e-20 1.25893e-20 1.25893e-20 1.25893e-20 1.25893e-20 1.25893e-20 1.25893e-20 1.25893e-20 1.25893e-20 1.25893e-20 
0.0379286	1	1.25893e-20 1.25893e-20 1.25893e-20 1.25893e-20 1.25893e-20 1.25893e-20 1.25893e-20 1.25893e-20 1.25893e-20 1.25893e-20 1.25893e-20 1.25893e-20 1.25893e-20 1.25893e-20 1.25893e-20 1.25893e-20 1.25893e-20 1.25893e-20 1.25893e-20 1.25893e-20 1.25893e-20 1.25893e-20 1.25893e-20 1.25893e-20 1.25893e-20 1.25893e-20 1.25893e-20 1.25893e-20 1.25893e-20 1.25893e-20 1.25893e-20 1.25893e-20 1.25893e-20 1.25893e-20 1.25893e-20 1.25893e-20 1.25893e-20 1.25893e-20 1.25893e-20 1.25893e-20 1.25893e-20 1.25893e-20 1.25893e-20 1.25893e-20 1.25893e-20 1.25893e-20 1.25893e-20 1.25893e-20 1.25893e-20 1.25893e-20 
0.0389286	1	1.25893e-20 1.25893e-20 1.25893e-20 1.25893e-20 1.25893e-20 1.25893e-20 1.25893e-20 1.25893e-20 1.25893e-20 1.25893e-20 1.25893e-20 1.25893e-20 1.25893e-20 1.25893e-20 1.25893e-20 1.25893e-20 1.25893e-20 1.25893e-20 1.25893e-20 1.25893e-20 1.25893e-20 1.25893e-20 1.25893e-20 1.25893e-20 1.25893e-20 1.25893e-20 1.25893e-20 1.25893e-20 1.25893e-20 1.25893e-20 1.25893e-20 1.25893e-20 1.25893e-20 1.25893e-20 1.25893e-20 1.25893e-20 1.25893e-20 1.25893e-20 1.25893e-20 1.25893e-20 1.25893e-20 1.25893e-20 1.25893e-20 1.25893e-20 1.25893e-20 1.25893e-20 1.25893e-20 1.25893e-20 1.25893e-20 1.25893e-20 
0.0389286	1	1.25893e-20 1.25893e-20 1.25893e-20 1.25893e-20 1.25893e-20 1.25893e-20 1.25893e-20 1.25893e-20 1.25893e-20 1.25893e-20 1.25893e-20 1.25893e-20 1.25893e-20 1.25893e-20 1.25893e-20 1.25893e-20 1.25893e-20 1.25893e-20 1.25893e-20 1.25893e-20 1.25893e-20 1.25893e-20 1.25893e-20 1.25893e-20 1.25893e-20 1.25893e-20 1.25893e-20 1.25893e-20 1.25893e-20 1.25893e-20 1.25893e-20 1.25893e-20 1.25893e-20 1.25893e-20 1.25893e-20 1.25893e-20 1.25893e-20 1.25893e-20 1.25893e-20 1.25893e-20 1.25893e-20 1.25893e-20 1.25893e-20 1.25893e-20 1.25893e-20 1.25893e-20 1.25893e-20 1.25893e-20 1.25893e-20 1.25893e-20 
0.0399286	1	1.25893e-20 1.25893e-20 1.25893e-20 1.25893e-20 1.25893e-20 1.25893e-20 1.25893e-20 1.25893e-20 1.25893e-20 1.25893e-20 1.25893e-20 1.25893e-20 1.25893e-20 1.25893e-20 1.25893e-20 1.25893e-20 1.25893e-20 1.25893e-20 1.25893e-20 1.25893e-20 1.25893e-20 1.25893e-20 1.25893e-20 1.25893e-20 1.25893e-20 1.25893e-20 1.25893e-20 1.25893e-20 1.25893e-20 1.25893e-20 1.25893e-20 1.25893e-20 1.25893e-20 1.25893e-20 1.25893e-20 1.25893e-20 1.25893e-20 1.25893e-20 1.25893e-20 1.25893e-20 1.25893e-20 1.25893e-20 1.25893e-20 1.25893e-20 1.25893e-20 1.25893e-20 1.25893e-20 1.25893e-20 1.25893e-20 1.25893e-20 
0.0399286	1	1.25893e-20 1.25893e-20 1.25893e-20 1.25893e-20 1.25893e-20 1.25893e-20 1.25893e-20 1.25893e-20 1.25893e-20 1.25893e-20 1.25893e-20 1.25893e-20 1.25893e-20 1.25893e-20 1.25893e-20 1.25893e-20 1.25893e-20 1.25893e-20 1.25893e-20 1.25893e-20 1.25893e-20 1.25893e-20 1.25893e-20 1.25893e-20 1.25893e-20 1.25893e-20 1.25893e-20 1.25893e-20 1.25893e-20 1.25893e-20 1.25893e-20 1.25893e-20 1.25893e-20 1.25893e-20 1.25893e-20 1.25893e-20 1.25893e-20 1.25893e-20 1.25893e-20 1.25893e-20 1.25893e-20 1.25893e-20 1.25893e-20 1.25893e-20 1.25893e-20 1.25893e-20 1.25893e-20 1.25893e-20 1.25893e-20 1.25893e-20 
0.0409286	1	1.25893e-20 1.25893e-20 1.25893e-20 1.25893e-20 1.25893e-20 1.25893e-20 1.25893e-20 1.25893e-20 1.25893e-20 1.25893e-20 1.25893e-20 1.25893e-20 1.25893e-20 1.25893e-20 1.25893e-20 1.25893e-20 1.25893e-20 1.25893e-20 1.25893e-20 1.25893e-20 1.25893e-20 1.25893e-20 1.25893e-20 1.25893e-20 1.25893e-20 1.25893e-20 1.25893e-20 1.25893e-20 1.25893e-20 1.25893e-20 1.25893e-20 1.25893e-20 1.25893e-20 1.25893e-20 1.25893e-20 1.25893e-20 1.25893e-20 1.25893e-20 1.25893e-20 1.25893e-20 1.25893e-20 1.25893e-20 1.25893e-20 1.25893e-20 1.25893e-20 1.25893e-20 1.25893e-20 1.25893e-20 1.25893e-20 1.25893e-20 
0.0409286	1	1.25893e-20 1.25893e-20 1.25893e-20 1.25893e-20 1.25893e-20 1.25893e-20 1.25893e-20 1.25893e-20 1.25893e-20 1.25893e-20 1.25893e-20 1.25893e-20 1.25893e-20 1.25893e-20 1.25893e-20 1.25893e-20 1.25893e-20 1.25893e-20 1.25893e-20 1.25893e-20 1.25893e-20 1.25893e-20 1.25893e-20 1.25893e-20 1.25893e-20 1.25893e-20 1.25893e-20 1.25893e-20 1.25893e-20 1.25893e-20 1.25893e-20 1.25893e-20 1.25893e-20 1.25893e-20 1.25893e-20 1.25893e-20 1.25893e-20 1.25893e-20 1.25893e-20 1.25893e-20 1.25893e-20 1.25893e-20 1.25893e-20 1.25893e-20 1.25893e-20 1.25893e-20 1.25893e-20 1.25893e-20 1.25893e-20 1.25893e-20 
